1000
42.4307897213 -1.23832008821
-14.8599005871 8.79457583321
3.77404352983 -15.0553444068
-4.69950482354 -7.80441819022
5.40833351146 7.6768073653
13.7705213018 -26.1203612981
0.0470718272564 -12.0973461356
4.76746828409 6.64352379528
9.34625467781 -6.74365339477
-2.75521884459 4.61310554403
-5.40194961773 -4.5571024893
24.9496728974 1.31905695569
-12.2067078011 4.68497902197
-28.5086771215 -6.05733231298
-1.76958078112 -8.78550921147
-7.24279679602 30.3406999427
-11.5749980301 1.0251271181
-6.71179037072 20.2179596742
12.0967426956 -11.1443021999
-27.1167281195 -10.5874701134
-22.9337827716 -3.99711852959
5.29257225097 -9.31945509192
10.8689760833 8.39191846759
11.4374681922 -1.39835207274
7.75233260158 -7.16119923166
-5.86648222916 12.6222569775
-16.247216757 19.7764151804
-4.1259761684 5.60255472074
-6.67065912722 0.0911376938686
13.5476837399 -30.9469411061
21.4679954966 8.21124885182
3.8792648331 -4.76048691859
-1.8767768283 0.683929546715
-3.03292818875 9.44129171664
-24.7349836796 1.24496409114
-0.424794603721 -16.7657197166
1.98038205024 -7.15630594037
14.8752643223 12.192277423
-0.912197853716 -3.07310865095
16.4636948243 -10.3315291003
-16.1853180354 -1.69561460705
10.6386220311 4.84156274951
-2.13167726392 12.4763274316
7.08777062147 5.01896093027
-12.3034647769 10.0180352703
1.1324107366 10.1265994882
7.60805317083 0.195130751765
6.49606828875 3.58757639797
-1.1633647053 16.5097131363
6.27038516363 4.50261977236
-0.136616088506 -3.7039372317
-1.08577173877 -4.39343734168
6.33744494608 -30.8600406458
27.8446923658 1.18027364325
2.41940093355 -7.33668605064
-7.92309855724 -16.5018533087
13.63980959 17.4086464224
2.48243109228 -14.5088708878
20.6337644565 25.1325762489
-6.34404819883 7.7960790851
-19.6737136416 15.2897661122
-13.4970072485 -8.60955775438
-21.5094107905 13.4793159812
-17.4840051821 -3.98224967141
-5.03603617985 -3.67629537913
-5.12399981835 0.736571164764
-7.44603714912 -0.664042616272
-15.0344999357 24.5880487788
29.9380314001 26.6871669896
5.76188040515 9.46255881296
-6.71254676682 -22.4464891587
-2.97457086133 -18.6013774347
-9.81263126505 7.10887716381
-22.0512283598 4.8506555011
-10.3321512522 4.14212012173
8.95875154224 -0.287419851378
12.746104564 19.2062870465
-14.3187294114 -9.69165946696
19.131951449 -5.43496039673
9.99129347502 -10.112244265
-19.0978304032 8.19488212781
-3.41541543399 2.47857797324
5.61083213425 -12.592621244
2.14030076135 -35.1148744806
0.979898171177 2.89285808344
6.59673806164 16.1593041516
3.73736218877 -13.2778420684
-15.6808884732 -11.9899580432
-4.15452929225 -1.3934283875
-7.15320278541 -0.291768752317
24.1372625703 -1.96391633071
13.4752133957 -10.0259801652
-2.08813511038 3.96184600149
-17.1406368012 10.1102978366
-11.1605360325 3.85655109092
-4.13854995378 -1.27502590849
-11.0825635388 11.0394760705
-1.451077061 3.11757279071
6.60423804725 -14.4298014365
13.5827719511 -6.45798379402
0.307786584101 -4.59254187654
28.5703411592 -7.55190965162
-25.5551269494 -19.9749210359
-20.4474441195 4.70460373968
22.2710555191 -36.4505596977
4.81075381748 25.5875055062
-8.63087619805 -9.74983468827
-4.30823988069 5.00370174824
-4.22153924535 33.0254573492
-20.6903213389 -17.728652886
-5.42444807515 10.7649815314
-46.8926919541 10.9101526025
1.74401908939 -1.89991592289
-18.0540622123 4.06193837671
-21.2414019188 31.2630578103
1.67296461199 -2.25941360504
-2.14583574088 22.6215062134
6.61896343164 -9.86606107585
-0.873112540846 16.2997814268
-10.9796673389 -5.8393751164
-29.1497018639 -13.7377159349
-20.2026319812 12.4372066531
17.8403707227 15.3005479905
13.5554248971 15.865346753
-1.69044640843 -11.5313415667
-13.2311454707 6.43814412831
-13.0180212388 4.93249431187
5.43442947803 -11.605401145
-19.9691021207 9.22142413854
3.56693088982 -3.34038372709
-20.0648215916 -16.8328900639
-31.2875432474 1.43906964429
-2.06851270082 -3.98471434851
20.7697550106 -0.711399635885
5.85737882918 9.32467623532
-26.0616446439 20.3496721244
-23.7407436946 -11.4059568079
20.9439959706 -0.358028118707
9.3790067599 -20.3004056808
6.1542265106 25.3949012816
3.7911674249 -22.4362084319
-5.34405411009 -2.14598162748
-3.25149753298 -14.6017521851
-18.3113359952 6.47765877066
-3.57134680657 0.718534323922
-0.246822161198 16.2828690631
25.1110793024 -15.0798573975
12.1023500481 -10.0382157343
5.48492019361 -11.3004525844
4.99511391758 -4.82768172594
12.5407262376 -22.7482288613
-12.2676444839 -5.29640929904
15.9692499201 12.2333480026
-10.6800699207 -0.733660915516
-4.20764091735 -5.42645104893
-8.06297974938 6.22859085442
-5.44847532196 6.87265953305
-9.36706264077 15.0322619654
-19.6093848397 7.90938394821
0.816315400188 -8.29927475882
-3.9250960427 -9.43472418642
22.305085446 19.1769919336
-14.3946093972 -9.53236771265
6.24633058569 10.3109037248
22.9883068171 -4.6619056457
18.0291857462 0.619067129793
12.363672858 -9.29742831413
-3.52103022677 10.5523920534
-14.9602874574 -5.52265897896
6.44956914052 -7.95817904094
8.09380049013 -8.09325541705
0.191573657066 18.3438919612
19.8715724982 -4.00202479199
-9.25134799641 -9.35651112121
14.7379546542 2.36401878994
3.08366993049 27.4214411448
18.784097201 0.832606567778
12.1209989026 22.159127757
-3.59655303883 15.2757580183
-2.16594917327 3.18292441099
4.85879529928 13.1088583671
-21.9114657398 19.721807268
29.0226894811 26.3864466259
15.2925565875 4.80021906318
-25.051645259 16.989633111
2.36782611394 2.20854891707
-17.6687452255 10.6509768629
-26.8067642051 12.3738481436
-19.2216673977 -6.94794578465
4.00053238277 -21.3102562159
-14.1049596923 20.2487182509
1.9282387468 -3.20678275312
7.07623868029 -8.00315157826
-9.63240769144 0.566416100102
25.361187299 6.03161960689
-6.23604840557 -14.7990486408
-0.794201819758 1.62382862258
19.3394973839 9.05186495655
6.27467979573 -12.8244123234
4.78845684662 -28.8350383524
2.37614839655 -12.5646071527
-7.85686479469 23.8108364402
-4.88550095792 -8.76198212137
-6.77493163192 -21.6563141462
-4.4403710228 8.44052931723
12.6521422316 -15.8366753455
-5.12844785622 17.6287324731
5.46980532252 -11.8876014039
-7.35979296155 -14.243114234
13.8879933253 8.29940221178
-11.3936165666 -8.67949415089
10.6977277866 9.17934449799
-0.681753342259 -19.4317628905
-11.0599296492 21.1620196853
-15.4251459586 -7.49662110265
24.3440892038 22.3658148574
0.800773683766 -37.1984106972
-16.6664686126 -20.8171978882
-25.8480400946 12.863669367
-10.3656689615 -1.15602563859
2.90956877636 -23.2492914378
2.8414778014 4.68540577901
15.9297927932 -15.1847538308
37.5010867813 3.41401374017
19.7427770287 10.4708440526
-18.404225088 -11.2292681829
-1.23358033668 -4.68685443224
-6.87633864942 -10.5847956439
18.2397519507 -6.74105804752
-23.6452624474 8.47584164441
-2.34346844834 -33.6491819899
3.90288895428 -14.8628132509
-3.31910230857 12.1460148173
-23.6085436167 12.9615689084
2.674851686 17.4133221305
0.418330962073 -17.9046280318
-13.4590487051 3.47023444779
29.8866628951 3.23201158914
-5.65753073493 10.5573750043
-20.7467668357 15.5290209876
19.6499412505 10.886972702
20.6542371079 9.2437463487
7.62904371511 2.68364246767
-9.8892738586 10.1921098221
0.178431986769 20.91581614
-1.51995827121 7.75586132872
-0.843761494808 2.32496188118
25.1171381904 16.0973840643
-5.83757972093 -8.57355048798
5.75624710098 0.538054377489
9.83206635412 0.0201248684771
5.65747936988 8.51273548229
3.7434061825 11.9350783542
-5.18982835821 -4.338183344
1.94725198072 -1.84340010282
2.68031250563 11.1445271634
5.59623127566 11.9664984516
7.94299866884 15.5647317914
-1.69583532907 21.9126530211
5.52260458011 -14.7870771662
0.524613486827 -8.36373375025
-0.732866458135 3.05941312696
-25.98625703 11.5835577872
37.9183930575 22.3632900934
3.24108171745 -1.1016247561
-0.981491377324 14.3838145646
-8.06408605773 3.88799094999
-17.4137005873 4.51145405696
-15.6213530753 10.5476577488
-4.88446049441 2.10520346405
12.9407495662 9.99550518275
5.01809137226 28.8345844877
-7.08723554421 -4.73489928628
4.28968163853 -19.1013850919
-13.484127663 -13.0092528396
-5.72286992609 -5.68212780431
18.3154031157 13.5726023535
14.6254413673 3.77492555612
14.0853171995 2.3177292671
15.013272393 10.0523279033
-9.9430896897 4.27239342366
-18.4555615267 14.4830814403
-15.7881851719 -13.4302789671
3.45360850013 14.197464155
6.79386526449 4.92201179015
5.40577173584 18.0088099597
25.7757312535 -4.98438233284
-13.3271478513 -10.1088573009
7.30795306089 11.037779854
-4.012293912 -0.868387356567
-8.70906466125 17.9381484571
-3.22053711962 -7.99157523746
-0.448852765985 8.59062941344
9.05941071879 13.1217216329
21.5701010536 -6.50253038116
-29.3736582047 -12.9805543677
-22.0338598979 34.8186135038
-10.5366968938 40.4806591195
-1.18607800752 11.9727282864
15.0056160504 -18.1914031398
-6.44040445981 -3.88606197338
-0.572669007456 -4.37789317217
11.6157404931 -10.640519112
3.49573972163 -0.130075847601
5.5061624021 3.68251288504
-6.12059624246 -20.8428362165
-4.5854011071 4.83908647941
-1.87021145362 -1.90584015585
24.4191116949 -10.0273232627
5.42403971549 -0.983868339683
-2.11071138069 30.1161747708
0.369272339863 5.32105978813
10.4527357602 14.4202248474
-0.302184547577 4.52984255091
-22.5523326514 8.1399149075
-3.02147882531 30.1852351049
28.6914154126 -24.618050759
6.5490033002 -2.90699373841
1.33522988687 9.10161780315
-3.78710663817 -13.7105092188
8.17108637601 -0.420168445742
1.71284736376 -8.29430602856
11.6106752123 12.6368873428
-7.85185878478 -29.9846088289
10.7257643204 4.51312921684
9.24670362635 4.71557142976
9.15223378029 -21.8546954264
-1.36492353532 15.2681085387
10.2727418836 -3.73867397343
28.6049414936 14.2969954371
12.7982199852 -1.8345545717
22.4277533482 -8.62316575877
-3.17421614829 26.5356151096
-17.4218082658 -2.77677413364
-5.69061521191 -22.5227665133
13.3354273863 -2.16743740705
27.0738120659 -6.77921168217
17.2246950996 -9.50605155049
10.5541334585 -46.5543990896
16.4139963702 15.2669771297
24.9934776675 -20.1169700022
-16.8150926538 12.9917180667
-23.00977821 8.62667625316
-16.3719594118 -0.0813835872588
-1.08257731817 6.18133488542
-25.7236258531 -24.3487473672
-32.9990348682 -20.7624421182
15.4015445671 -9.97888207211
12.2149814132 30.9005573179
-10.2694081523 3.55400341276
-9.27334359123 15.3308865766
-11.8128611217 23.0963510345
-12.1915495466 -1.06353870325
14.6175836773 25.0757432041
7.0102304314 -4.01647518568
-21.215777256 -0.217072590279
26.3892240349 -7.52536298009
8.85001085755 14.0882979335
2.32443174449 -1.76776989595
15.1824113934 7.78330628196
-11.0540159322 -4.02850978654
-1.75815908597 -9.19993428342
-27.1724268275 30.630519353
22.2586745831 -13.1884790048
4.43568334512 6.42635514786
-0.652642079195 -8.31100756402
19.1427812441 -0.995564768859
-3.98826151224 -12.0334224545
-24.5986348267 16.7617142063
-25.9124969763 3.09872177543
-5.36730956686 20.7844352377
5.34367235252 -12.542688602
19.6718211799 7.56900150808
7.22801534483 -12.8100452672
10.8616434103 -4.26653553492
12.9806552132 -9.17801673873
1.52760808409 -26.1410045385
34.7559387264 12.7356445509
-0.624721438039 -5.1852337069
-13.9634004354 9.74360817574
-16.7181858279 -14.7160077101
13.1964949229 -6.15937238295
8.34755283422 -18.1504610025
-26.3191088511 -8.1043396621
-4.11197316674 -4.11244849798
4.97035276983 -12.4573577741
-1.89521261921 12.3916661655
-19.5766226495 -1.33171732428
-6.48715532292 -25.0630879494
-9.12283711291 14.355922782
-14.6313250706 -7.79728481012
-12.3772018709 23.0741379729
-9.50402921141 22.7256885923
4.6254144006 -6.07462333228
-10.8163051434 3.03169660493
10.098035665 -22.2928008768
-5.37213971074 27.5341156655
-5.97401340234 -1.45732257383
13.004541207 -15.9797578972
-8.11058386703 -21.4855190276
2.73836291037 -16.0099514513
-25.6366145088 17.6596188028
0.0530081827883 13.9731230505
-18.7909496191 -7.29305529254
-23.5674752808 14.741465839
5.38438674638 2.58742977556
8.14439926122 -1.71443874008
-15.0079652663 -13.1189773783
-8.9799232191 11.7601608682
-6.15544733546 7.90264545762
-1.20583057307 -4.7073055812
-14.5393479598 -10.2577243336
14.3960638089 -0.788895471257
23.9353860054 17.5984084329
-1.75942379764 16.1700195403
-5.86550089711 -41.630254626
-8.40738722803 31.7961010795
3.65783864716 -25.3901860545
-1.05723004862 29.0464367568
23.9335220633 -6.96781330534
-9.25788913423 -2.01067566611
0.0533348369704 -4.70995598846
-16.9796068604 2.72241522486
-0.103215739348 -12.1228593126
-7.52219158608 0.146548044557
29.3399176298 -0.701399850718
24.042659423 -5.34368032339
17.4873623271 -0.804291545744
22.4747782119 1.99832344337
-9.33856107254 -2.46754439597
20.2900133288 -17.4707552674
-7.95940838603 17.99595514
-0.0382210668222 13.3540316796
-9.18134858968 -12.1949284465
1.46053520706 13.4632412594
19.3445676584 -19.4395634776
-10.1466992824 2.18065905373
-5.64116979852 15.5050110696
2.36132372605 15.1953326039
-22.3317690493 -3.43367040905
4.31107948867 -3.2616882896
5.56036562435 8.20340921876
13.8786916108 -3.29379985388
-20.687416487 -17.0136346928
0.698383846669 14.1502356161
-8.13612475857 -8.63691827144
18.6671642758 -2.26197415189
9.41492347448 -19.7231916527
-5.07267313548 -8.59459914229
-3.88060632293 12.8901037611
-32.8098295865 1.85891044809
-12.3882043224 -2.52532812923
-1.78052810987 -5.06733974518
16.6346120891 -21.3979712877
10.3852781142 -10.4674027933
5.87945047188 -14.7905660006
3.21522317701 25.0722945881
8.74352020591 2.5816748704
-22.9699043137 -1.27898609804
2.80651365199 2.51143088423
24.704237844 -7.2424189536
-9.9569998153 -16.8761269397
0.805681903512 5.2063037545
1.65999409022 -19.304162277
-11.3912587616 -10.2900104255
17.3093124194 1.18578560173
17.1857966892 -12.8651382744
-1.42841115719 26.1896041849
-2.54006099629 24.1061896341
-3.82379169076 9.54892950614
-17.1344454296 22.9475704223
19.1024215575 -1.50620698111
22.0921179571 -3.3404220937
-2.17868483269 17.1555301969
5.10154825597 19.3655268146
-5.14683685927 18.9562880825
-4.72123630303 4.68007132551
9.51531836622 -20.2500776835
-4.787920351 -14.2848847654
11.6278997975 10.9966359738
2.05217024334 -14.0642246486
2.63483679667 -23.7122219477
3.57070417916 -8.91555163528
-21.210126943 -7.24041837301
5.42839541837 -11.181214506
-7.45236375886 16.6934844071
3.87857028012 -8.02870663601
2.31874872763 6.51027164227
-8.67845927455 -20.4882707957
-3.2149376765 -1.98096580636
6.27523528038 -12.4622949437
6.16586480014 7.86453898977
-11.5309656839 -14.1240075447
3.14620503587 12.3561082664
9.2888834923 2.33583781719
-19.1643815745 14.7221922843
-3.48709080637 -4.12726961911
6.45501377591 3.01870441766
-3.73420033283 -2.56393281718
6.52358786985 -4.88457437819
9.99405234367 -18.2756653932
-3.9003256919 27.7748578817
6.40501730066 15.3712788614
-7.2420880976 -11.1474037904
-17.4589224421 -25.4825204293
11.220382468 4.32644086054
-8.61034483765 -6.33502683668
19.2682170501 -31.9069976513
3.74797272085 22.9028077625
5.29041665725 -9.83960996924
6.78393974949 12.2507106222
-9.99916833614 -5.45761636658
6.0842638958 10.3466368095
9.40709838596 4.19451310393
29.934772093 7.00139539004
12.6274896042 -9.32945874769
-13.2215970942 6.68517489217
-0.362498599497 0.625082761788
4.83627551748 11.2018431336
4.62550916526 4.53012368584
11.7673949305 11.0586639069
7.85368818466 -11.1937185745
-16.4261739618 -29.8464140348
5.92678947971 -5.22100288876
12.8577981992 -11.6618061585
4.0157051318 10.4549645812
-9.85486661854 30.6711648567
11.7322329213 -21.2308139823
-9.69808502567 15.1345812186
-6.28331249549 15.4665832198
0.31345911309 -1.87504846912
-16.1732556557 -14.5045673783
3.34422882171 23.5472689876
11.0947754362 0.140276317282
16.0116806265 12.7453504148
22.1380290494 -32.9532754705
-7.79544672227 -1.86680377493
0.090977241496 39.1045680946
-19.1925115719 -17.1971902535
-2.77308497893 -7.82265013328
0.77015175835 -6.61428909265
-45.7193210395 -22.2707876952
-0.360108884742 -5.06700995156
15.1896839314 6.76169425766
-5.32704024665 -12.4929688266
-0.126941876862 15.6212332049
38.9000480418 8.25742029837
6.64291954529 22.2293457596
-5.38666882056 -15.5920602229
14.5308879345 -4.9995724468
7.58708151551 -0.779975778947
17.3763276153 -10.8401365074
-0.438746648133 0.227456546226
6.19538201379 26.2903336513
2.60025765608 -5.07962759245
-3.46617518131 7.04471727559
-7.94414351769 7.75715118628
-5.7594277059 31.7499058785
-23.9481417225 -2.05280069294
-28.5057940613 25.0265811292
14.1447498029 -7.86990391321
-21.6038039886 8.46757478073
5.87170698667 -9.05659169572
0.221298438472 0.372346189735
40.8804225677 14.6310237567
-17.8267567993 2.57016253822
19.9997470137 -1.17819108104
-6.70946978452 2.04849963792
8.69871171128 3.87663859888
11.1130564049 -8.67326524038
2.72777556276 12.2181128638
14.4073106325 14.5087065094
0.63853470114 11.8137934573
12.6159733784 -8.34874694151
6.81879574651 -33.718041582
8.87314100114 -1.91983967466
15.262562635 -6.26468037907
4.43845645644 12.5805535051
-0.102900956654 -13.6087191171
10.4176031348 4.48136798309
6.0008209088 17.0579337546
7.83046826461 16.4005748922
-6.05856563759 3.01162245702
13.6661523252 18.2892600641
-6.27013162272 21.0398630061
-14.0087868058 -10.2114327317
19.8681378807 -32.0381514707
26.6639946817 -2.67794997826
-18.5553951681 17.5955875564
-1.56283056305 -5.35466606097
10.4226532959 1.82880339697
9.16431759896 12.0314910063
2.55589947089 1.08851434834
4.50334061802 9.82524745674
-7.29555213958 -3.84631998859
5.87884299283 13.9654132455
6.09464650118 17.0066565897
5.34540138676 16.071854799
-5.9633202381 -18.9128204492
-12.7873549668 -2.68820460655
5.21971940541 -5.52520008938
10.8838244813 11.5524644438
9.23652353104 -12.1386394132
14.821144732 12.4626102684
-7.36026924333 9.30831229495
1.59313293954 23.1258719974
-3.30806581191 -6.99035534495
-21.7607476498 32.6345325114
-5.99728851104 -3.43135262698
-17.1155533316 17.6947918664
-13.8621276837 -18.9123081291
8.64538684332 -1.91166843034
31.322741022 -1.62114093827
11.6224038761 -12.4203978132
16.9740681385 12.9944369316
-12.7466081648 -10.6605753982
13.7883324248 -0.640603490311
-3.7561893796 -6.29069770604
9.46235063429 17.8816303703
-17.6701344664 12.8413574432
-10.0063757242 -17.5800761635
-5.744875997 34.9783799484
0.653367235142 17.2898950293
18.5934898677 1.67691080867
8.87942370297 18.0323705441
-20.5910477421 9.45944455435
21.9708460037 4.04877877092
-1.96237000898 -22.0605897047
-15.2374685131 19.1772041783
12.5864709209 -3.96865393195
-9.77909811551 4.20110656743
5.65160995644 -2.79666323191
0.776217068746 -24.2080388164
-22.2404357718 7.53542017643
6.26754664271 -0.5829121319
-0.580737150329 1.25367917881
-15.6740254236 9.37051029121
19.5183675524 -17.7438656243
-8.58840382032 -5.82445279534
-5.03051231482 7.57436221524
5.34050421301 -16.7234113666
-2.76446932525 -10.7705780153
4.46534654471 -11.2906044078
15.1602763805 1.46818844967
-2.30509925474 -20.7193268413
-6.62181013954 5.11261636006
11.6309784355 -3.03438686499
-11.6173535137 11.0907174909
22.0348285486 -17.422902673
4.75158695106 23.4334018923
-6.0827886319 5.57146820502
3.54990531542 -15.9429062964
-5.27098771919 -10.4093294443
-8.55892593957 -6.61721598307
2.2394692769 17.8384615649
8.54765803373 12.3840499886
2.50794873688 26.6645310278
29.4452498718 3.32638380718
12.9551482341 12.5086104465
-10.1395973454 -7.72516875451
-8.09563999139 -27.2327169053
-14.4782492249 -14.6446651148
-6.70354988652 25.7345136424
2.72352815312 -12.9304126451
5.17059526698 11.5541933554
-20.8911148 31.567675797
10.8826418937 -9.65607945003
6.67440244401 -31.6857106916
9.53852230841 0.56832165136
-24.4972111227 8.97556835563
23.5896409138 5.9959580698
-9.54105041379 -8.63100166243
0.581725120862 3.48082782361
-22.1048200108 6.20330474746
-3.04270274421 25.9278020638
-8.0125208972 -5.81171986124
-25.9676670397 4.00331251431
-11.1068185924 -4.51711713614
1.11804392244 3.75959209328
-16.0624423116 9.85167127504
2.91373416419 10.1644696993
-5.13104331869 3.01218356593
0.600650283375 -24.4883541418
-7.08007306668 -4.9335796014
9.99034656319 10.1502923675
0.167818551209 -1.14711535032
-15.4878211785 -19.7323629185
-18.2026038712 4.80482204551
12.2701210829 8.70467140598
9.04219221069 -10.3252766136
-12.8714090138 1.79102430643
-13.7234267382 0.874319191236
19.3080216648 7.73815074429
12.7193740746 -11.2640466908
3.39596313746 1.42342935748
8.69758391623 -30.0190712425
5.64644044763 -5.27166296229
14.8162725986 29.371150023
-4.84578429917 25.9534828499
-11.6250415718 4.92285286377
-18.4648727123 -10.3497198298
-6.59604295788 -14.960650601
5.84357569777 4.44066541652
41.7029385401 -3.61779534505
3.51162469349 -19.7916922471
-8.94680715435 6.5726007193
13.4503581934 -11.3920788648
10.2152418958 10.0752457117
-37.4115865447 -24.1501345864
6.10194997988 -17.9835720668
-5.41602206292 18.2640088264
-14.962321846 3.19004402162
-3.14605369274 9.29617010336
-5.5612847092 5.16656405338
13.9864895923 -12.1919614545
12.1224726072 -1.47853470653
19.1272353526 14.2410732767
28.0252750739 12.9388600498
-16.0712029032 -14.1961983484
2.77306785216 -17.3572909771
8.86398602084 -5.11077437831
-9.89424408845 -9.88804318734
-13.2785086375 -16.7542283631
-13.6577092122 5.38504587032
-11.211475586 -12.4907228119
15.9716803114 -11.3801866202
7.45331961475 3.74035379641
30.1337295068 -13.5730058025
-8.24431692509 -14.6387001219
0.935501984209 16.2387321534
5.49677485271 10.6057941267
11.663418488 -10.1229327965
2.2835182947 11.2312718196
1.92038446417 6.37908209172
-7.22376036617 1.40752089239
10.9659833616 -23.8685565487
-21.3242886701 -7.4961572738
-1.46117244167 -9.09805839723
-16.4359024953 13.2776586286
5.59720902113 -4.76641476532
12.8986448923 -8.16305743381
-13.1298862995 -10.1054883207
-6.8706355038 11.0861784605
2.26215672526 6.40294907173
7.33650723266 -11.1730005491
5.8517563649 -1.92340107211
17.8246872144 21.190661314
-31.2666203033 16.9605150013
-7.13811321779 25.5501813896
-30.223867021 -24.7992894117
3.77575719032 -29.7913747764
17.6012594794 -3.05385123541
1.30959059421 -0.362729905866
15.7149164769 18.5691050538
-13.4213613392 -8.61864375953
-7.84191924007 12.1817048278
-4.22458871408 8.91233098128
6.04620446157 -6.69538657475
15.6578892925 -5.93279384008
18.681197017 -8.43009235564
13.9693890488 -9.17478936167
4.25349977504 10.0622102158
-1.88441351382 -1.24348442251
-24.058081583 10.8610882682
3.00502918955 5.06565010097
-16.2391223088 -0.00651883189591
-10.812114753 -11.7280378816
16.6244237836 20.2573295417
14.0960768036 8.55694796726
4.29796765337 15.6221684492
16.8810881063 3.16823775757
1.15354633732 5.58130983028
-0.0152507897305 -0.822391571202
-8.82207739742 5.30199900077
22.4037501856 17.6327675724
-18.0647371928 11.3294568541
-7.69804676331 6.3294738937
-9.50966908921 -15.4691890547
18.8100904042 3.73431828906
-11.0828838543 -33.4635516536
-5.08647528305 -1.99120741348
18.0197127304 -40.2760852749
4.77843775739 -20.8830380877
-11.2033427717 -25.9226967604
18.9892697847 2.44478723501
-10.6981685472 -7.14368878037
-18.6416411969 7.20601864291
-34.2475018724 5.34465061949
-21.5929705621 -21.3429626728
20.0936235597 -44.3547829342
-9.72140278945 17.7160259793
19.8080606786 -14.8973705747
4.98803570792 -11.2517106711
-2.54116964112 -27.6120188014
-10.5840608267 -17.4225298588
5.22098440783 18.9450493952
4.79282842234 -38.2166167121
-3.4818509514 13.2521047883
9.38649424903 1.67249255139
-17.8673764721 10.6217811267
-2.78343927266 -26.1864789094
17.0523471775 15.6881857207
6.87814409532 6.41515532493
-35.1216004127 16.5267616499
8.68034829657 16.6118979778
-16.0777473166 5.97921172182
5.94432863536 4.92197805343
-12.4121326865 23.468797262
20.647002533 30.1058999689
14.8635059095 -5.6277143197
9.68958996597 -19.5840062311
-3.56879131478 -2.80313456177
-1.92743100201 14.685497106
-6.25411224394 23.9649470108
-25.090579237 18.6279841599
-0.733136810449 -24.9262334611
18.0824530411 11.4747107033
2.47557170354 1.81696033541
5.87685230892 -11.6912335627
-14.2764906737 10.3772951736
-0.320556997311 -8.47507926084
23.5702606629 11.4551522043
24.8856091125 -6.13334167973
1.03138531629 -1.28344922578
-1.20560164954 21.7311947782
-2.91656507934 7.42236655365
-5.43479332633 -3.63563671925
22.2336556918 -0.911276273662
16.8024288098 -1.95617689737
4.70026903982 12.1305851927
-25.0715636808 -2.32572393165
-0.164970550721 29.6764031677
0.0321619998406 9.64861125593
-13.2412115943 -31.9064891715
8.5641684392 22.5662512688
-1.75902609732 -8.40594471375
-36.3353308337 7.6016988911
7.96523504672 2.05082216393
4.79681010258 2.40340143345
-7.99794003425 -0.215240697556
3.06418665247 -11.6805954065
-8.21296663633 25.9764150806
-23.4015105296 -0.534804441806
8.84837490017 10.7465500203
-19.6637976586 2.65998676607
3.65811530664 -2.65624250821
4.64120441942 -3.21970122237
16.7254315298 -9.98387659077
12.4333497123 9.14726842057
-0.0978103152048 15.8977521048
-2.94898079269 9.18940532236
-3.43067985029 -23.4523945206
18.6935262358 6.42200117537
-6.61341234058 -4.69456843743
-20.2905885776 -5.97920499951
-10.2604029057 10.1998264243
-13.296798127 -4.96210084888
-23.1524168379 1.90670618845
-1.25987039043 -3.07693013622
6.30611629367 -18.5987952239
-4.43312903025 -0.0340633395626
-13.4089862141 -15.5583406368
6.37363743348 -8.1765152401
4.5415675371 2.20469581829
-14.2241118196 7.93171053388
-10.3629745578 -5.94056384065
1.46284115719 22.1012303031
-3.25360245002 4.14592086457
25.9817851803 27.8214350756
6.15356075945 0.498834706619
11.0481914865 -16.3907651843
5.6513441757 4.28397086295
7.56870504051 -11.5344021149
7.77241153906 25.0196228818
-7.48914209302 -27.4315676338
-1.07504982027 -17.3961886209
-10.7290092537 20.111952606
-12.8194022345 5.1014690901
-3.90657215991 8.84324300649
-19.8103693207 -21.69646757
-7.12430750499 2.5963276731
-11.6688112484 -11.3879838623
25.9216199077 9.71851458447
-12.0914582858 8.88487816937
-2.05614317118 15.6861595164
-2.68575954719 11.9810481864
-21.6480085976 41.3142172617
-11.9507475225 30.4765311582
9.11957005415 -25.4134033205
6.02331030078 2.76765699842
4.25967932252 11.6217938452
19.589035475 4.73367751254
9.76358029834 -2.03059023216
1.11500325366 3.39936379297
-18.2644993839 -5.73247330374
-7.14485661366 -5.84919671986
3.44816824384 -5.35794417982
4.93119144822 -15.6680865738
-33.6820476032 -3.53489076408
-4.51881846308 -0.219096772571
-6.5262661407 -8.22061305655
-12.9603859961 -6.42759623178
8.47860675837 18.841282975
33.099864849 10.5354977304
-9.26904642458 3.83573006967
-8.49998134403 5.16093258892
-35.1872756402 25.7128210922
-10.9718495371 6.45444548825
0.379445378155 14.8476817109
-12.1022591593 15.4911105711
6.05579077214 12.8751275771
-12.9902775978 13.5069353482
-21.7693241858 -35.837372016
25.6277105449 7.58781861443
-20.7102232304 -1.06708594975
1.64702842041 2.22327580374
7.12284282692 -19.8250862748
-13.0404906628 -12.2153594751
1.25837827724 -15.9261783269
-10.3371183271 26.3597279738
3.82696867351 -4.50393181602
1.93279664276 -22.7378504444
-8.20625306533 1.05830392003
-14.4549054404 -33.9798371837
20.2837380148 -15.3277614039
-12.8241337296 -8.74184433853
-13.1931619878 4.24885947104
11.5323465114 -10.6863801187
18.0054537163 -0.545339220185
4.78114822863 26.5994572562
-3.11869155457 -15.9015196754
20.2702950236 -21.9585020118
17.8771044629 -8.43205386588
-14.1195719048 28.4833540143
-21.4417438234 -6.93147970699
-31.7685228921 -10.4652808504
13.7039268105 12.2349276686
-10.3805255813 4.45703698685
3.75851193122 -18.9508651194
-18.1122194857 5.54797046322
-14.3811551368 9.11199884511
8.14218971806 -2.78477394109
-4.97697794423 -7.88071363418
12.3990449807 -22.8672052317
5.66796902641 6.82298274736
14.7257160793 3.50042469171
16.5263978006 -27.8555002602
5.31574504072 5.37352555642
14.6574202836 -5.4269131364
-5.59943835525 2.42164418347
8.3662256717 -13.8726947458
1.54296109204 13.9529191561
0.960346935686 -0.836867199056
3.54440760408 -15.2706870222
-8.8015202265 -3.94271092663
-8.9876402883 -15.9778640305
-5.3508413643 -23.9417785337
17.3234821894 -26.9013426554
-4.98489134256 3.61769019781
-11.8204361236 5.0217229823
-25.9505518051 20.8022634115
-3.49610289151 46.5726198899
-2.38111139647 -7.87065315409
-3.58142653508 -17.3116038187
-22.9824808282 27.4896614169
-0.714081450323 -15.9700153787
-15.3714318503 23.9713395082
-0.134608489294 -6.77068598106
22.3241921924 -11.454092146
2.06008882063 5.86846473134
-3.91349015577 -4.05824510078
12.3975218372 17.8232888732
12.6824032749 9.29617000922
-7.21849120296 -14.7174428868
-10.6797989157 -11.5212825243
1.20351530531 -1.59949864529
-15.2126855284 6.87573893327
10.5086878604 -18.6014853205
-2.19673002942 -5.92296200367
-14.4103779975 26.5281966063
-12.2725097309 -12.0314241618
2.15262953256 -8.68242983503
-12.0602836872 31.0778293768
4.05364135704 -12.0611049297
-23.2438704094 -5.79858900158
-9.9612548251 -14.1137605275
24.679191224 -13.3845434638
-3.24915214358 -0.50936124921
-19.2754390895 3.50334055795
-13.0729205925 -11.5215072807
-24.5569442684 -5.95389422133
-14.1447763804 13.0785277656
-3.01018795456 21.6946280276
-23.0642171433 -10.4371264952
-0.969198064681 24.653519739
9.84264087924 -7.2302837464
28.5278810985 18.2974808009
0.844269992442 -4.57936686937
-9.01742072192 -4.66021031477
16.2369194879 0.430456180008