100
4.97528866455 6.21013826695
0.507595852012 0.0662482088719
3.8976102856 6.99477027039
1.45365320663 1.66827270936
5.63308733545 1.84363549598
2.76853895502 7.0783844689
0.764815976801 3.29141110463
0.16910251014 18.1478578873
1.13894260837 3.42610799957
11.0990487852 5.30206543052
19.6429989645 0.303260287754
6.31028284256 1.7051190461
16.6525005379 1.07896019879
13.046236458 1.50359798159
6.34598536254 12.6549492707
6.96569665885 3.21037744579
3.24786599918 0.383434661178
3.13704799884 2.95908472206
5.96539163081 1.42121356894
4.09872055417 1.6197769793
0.406676562323 3.03980072674
1.4710402204 2.0794342276
10.4436092217 9.07285710994
2.31022144425 0.0909834186079
0.13625550073 0.612252910309
3.9829510602 7.81748865618
3.32187240153 1.19267609806
2.33337345207 5.52190950816
0.266396199175 1.9120840023
9.27205930251 1.70867542589
2.0583989032 0.288787456521
1.36901911195 0.0990355890701
2.73279488573 1.03900196506
0.0520013217273 8.83841409637
0.179681148145 0.424044750987
2.67369103433 1.20077848575
4.36774863348 4.48239439512
0.790055656831 1.79335133831
2.28890631698 10.9169089103
6.658146633 0.172244828123
0.992973020094 19.8761539874
0.922568700925 4.01370377058
2.2384439041 0.598806335418
1.04057244274 3.68079599715
4.15001466533 0.442301754459
1.69740035931 0.993683017714
3.02032883409 4.54000639434
0.162003601048 2.11047234214
1.985382194 2.89852814213
0.9420284148 1.48611335516
0.430824861815 0.867657270242
3.87330552782 0.309572655413
1.97813301264 3.72834164621
1.63247143462 1.90524731548
10.9245336764 1.44442882536
12.2818034729 2.70955406317
0.391070935913 9.59733083781
1.57513273152 0.171569184856
0.491916417089 7.08191257875
3.03678139219 1.37587001843
7.99579586215 1.44733553549
7.41668949705 3.45748289618
0.0561488906237 4.14282535471
1.22792392338 3.58548566544
2.3416701001 1.17174181192
2.69019983442 0.345782411703
1.14198001396 9.19909302858
2.91955964111 0.53122155583
5.73145049962 5.21401838886
1.56533562572 0.823314957906
7.20752953199 1.54226941534
2.22318891731 0.110510162063
1.29899366822 0.926720680656
3.48826866059 0.501273608634
1.19973852172 3.62837210401
4.17668578986 0.738129667995
2.28418612849 2.67341897694
0.176029032937 0.332274221063
1.31069797671 0.740604135143
5.70626397587 1.08938865346
1.30571236383 2.78470999245
3.54341068509 9.18722726327
16.6404105455 1.16083892542
1.50809810801 0.638371432028
5.08293159547 2.37380872111
7.45885741386 9.28202812008
4.06937939456 6.33064254145
4.80025425876 0.233215312042
1.25397578298 2.01068673016
7.89174756141 4.03515124049
2.77536504861 7.61603091121
0.589086913622 2.40951499078
1.94616147277 5.04798727869
1.50204676996 7.57723415265
0.317142954567 10.3554761906
6.0910291683 3.97215356302
2.96817886482 1.68125091166
7.43363582972 0.917548501467
1.01055189525 4.74667846357
1.26930255177 9.13851354339