200
-1.40164241149 -1.41077144688
-0.736309324151 -2.409351765
4.90770287587 2.71866375532
-3.12246521338 2.68270817212
3.65319739472 3.44634532301
-3.41026557925 3.23464294624
-1.19579700093 12.002831974
1.98150831496 -0.503425766561
0.313274341058 1.02168947949
-5.38357057397 7.18566063964
5.22337483384 5.19640252122
10.3009877877 -2.03314111474
-0.905902422921 -7.49020791375
-0.427522549834 -6.97005131232
3.35676343635 -0.286426950759
2.9287604164 1.09844637806
-8.52322419233 -3.77274698234
-5.23996031777 -4.89260100538
-6.85841369934 0.966253007795
-7.66699846167 6.48386618156
10.0461628334 -7.25662018952
2.42477157508 3.51778845957
0.147326090781 -1.82728193662
-7.23004755993 -0.408712384957
0.474487233669 7.49345042892
3.79349864356 -0.768201254168
0.750784432065 4.83814683827
4.41036861246 7.97292724322
-4.84012442545 2.99404916985
-3.82504132711 -5.55129105348
2.91647354105 0.526805530931
-5.16200332629 4.70024163609
1.56336924224 -1.57101229055
-0.336019116186 0.832984962057
-3.30673513337 3.02788863009
-4.35403135388 -3.71587753741
-5.12328425018 1.11752491613
-3.34124384267 -7.70640095434
-3.89518595216 7.23394148876
-5.04740946901 2.96192585053
2.81691167402 -1.04555693799
-4.31887585879 4.91313747802
1.81136627648 3.56512001247
-3.1928749374 0.10279238625
-0.0101198647945 -5.8299831172
2.71924793 -7.5834500421
-4.80639338624 8.07608169505
-1.77580431239 2.22852172438
-4.03257294084 0.320392797599
-2.94837871299 2.74761327485
2.91906623744 -7.53541521589
1.32659876026 0.356285183694
-6.78003816961 8.27223954724
3.5097096618 5.82617062398
-0.531950095258 3.12106866452
1.08010162061 -10.9508973289
0.349879207927 0.0946560662198
-5.03581334217 -2.58294558619
3.04915801636 -5.34806225187
-0.222993219553 9.66618166926
1.65376725712 -4.91711836242
-6.39232634879 0.737570299299
-0.491696644089 3.56375367093
-0.568282765519 -7.80419008239
-1.09615016912 4.18865335277
0.742171957261 -2.15659668037
-5.81404356083 1.43706165569
1.61172479225 -3.03339915379
1.22151748972 0.22122935715
-7.31982602756 5.67325317071
-6.26305351995 0.784231401796
-2.6676690646 8.04824097766
0.915960581503 -3.60923814328
-3.55148811897 -2.87810042861
-2.43692789089 -4.99109541395
-2.72395044201 -6.46137110062
-2.61183739322 -1.28227678859
-4.31410535863 3.17066872609
3.41982938991 -0.704632861643
2.07243461637 -1.93918691138
4.02806340099 7.08381236903
-2.63677600296 -5.73863822301
1.39994256101 1.17036803726
5.53942533295 -7.34751672794
-6.06568650325 -3.97347597789
2.2168218907 6.44821968518
1.11594178236 6.23176776049
1.41870735202 -9.48769485891
1.7308817127 -2.77573036379
1.35070665754 -1.21238297042
3.45528553415 8.29872463468
1.48022498138 3.40098931929
-3.01595311772 4.75430069612
6.51481037476 -0.974332803057
3.79323144097 0.513380673134
5.2823500213 1.08188332828
6.36516492105 -4.55357106195
10.800829456 -6.86211778541
-3.31881109336 -3.25241418674
4.61078151313 1.11216592578
-2.74230206477 1.86691196548
4.92096071857 6.36912613731
-3.53521151389 2.56363175626
3.45454920385 13.3957549706
2.69196860995 -4.57361228077
-2.0132271408 -2.90678379855
-9.41535535081 8.35801822652
1.17776608326 7.13715183497
-1.04786316711 -5.71509635169
5.83843709613 5.71181469579
-0.380250146393 2.17058398726
3.81637371817 2.84954176227
-3.30891096366 4.84112999305
-0.0857478708403 1.99820633515
-1.2636066472 6.11018045402
4.49223863379 2.58898859327
-3.22654524314 2.85305381365
-1.08256719691 -1.58921819075
5.03675524801 -5.75866453838
0.898221146276 3.61485292077
-0.608286868673 0.958816555454
2.26512060897 4.42482243323
3.17982012442 0.883770059365
2.08728715835 -1.44786742226
0.544665019087 1.30123792668
4.32235314378 0.513027641125
-10.5777584267 1.53724488732
2.43052313832 6.42275386823
-3.54359022449 1.93239828168
-2.27570196435 2.9465425051
5.86280978457 -0.503896745712
-1.95678114226 -0.911258972031
1.37999209592 0.904514226436
-0.66673507122 -5.23724199486
-0.149407460063 -4.97397498326
13.0909859271 4.72830034672
-0.0615709822517 1.18688818459
1.15917922035 1.37957549445
-3.35179147796 -4.95820858926
4.1004697386 -4.90699234814
-3.97002505794 10.0587888248
10.1586721755 4.00001498167
-0.375737585733 6.85357117521
4.14567890761 0.641598502669
2.5454622084 -1.23672621046
0.353615182394 3.93358862641
4.53046563286 1.72451859326
-3.91224371818 -1.46869455434
-2.18537515572 -2.78288537545
0.210448486472 0.546850715623
-0.0726524100184 -3.38331615147
-1.56591067986 -2.03803757846
0.300168036799 4.94610953119
-3.25018195189 0.742943491511
1.76104519925 2.87038871672
-1.46495123566 1.51644796644
-0.365080114143 3.98068584181
2.5780099841 1.86353097701
4.53498033494 2.72364624447
-5.68380521302 -10.6616069825
-4.60828891335 0.603271713707
-0.455252163746 -2.22732458021
-3.13449352994 -6.01054581479
3.90251607552 2.98259376812
1.59254317424 3.47284330031
5.10620915922 -5.87657821154
-9.83396097503 2.48700590563
2.63673005653 1.93111330466
1.14211049223 -2.21298617789
0.44944635414 -4.40032684225
-7.45102577558 7.19693562775
2.71860045965 4.44247381418
-3.62641702199 6.53177876506
-1.59589427339 4.89684712957
-2.12570752833 1.53201790907
7.42132252516 7.18625595492
-2.79440446981 3.59529617927
-2.84357905834 1.63776548107
1.68598282645 -6.79144056881
0.639552951708 -3.71113110445
-0.765444833696 -2.9964491728
1.89666916763 -5.12470588783
-3.65689830511 2.15773077273
4.48865407023 -1.10886874946
1.3961921139 0.728473719106
1.57550178693 1.90212270202
6.24854258713 -5.17019166924
4.73611680697 1.54732851039
4.38950474998 0.383967114747
2.77843824754 -0.160353821943
-4.19517981243 -1.91031472431
-5.73182792351 2.82852924095
3.83663244639 2.90537738786
-5.79543760015 -9.65820540797
-1.35299395036 3.91358973199
0.507471068857 3.9976036824
1.89633996108 3.58594315313
5.36576433733 -7.93131917174
1.7849944747 4.93654693896
-4.44416679055 -0.284772778908