500
2.00669982366 -1.28036151017
1.52071475251 -2.16410715822
-3.56101016 -1.05126520037
-10.0397648334 0.194415862602
3.79473412711 -0.200517527105
-7.35578181335 -3.27104241239
-8.67447996251 -2.65823639048
0.000598841543349 3.84029378257
8.72592118706 -3.6732408344
5.11327908974 3.31229896608
-7.44186557454 -1.25776323074
-3.25094124952 -0.363617108614
-4.01391419198 2.1485362488
6.02108961493 1.73873184814
1.64321158759 -5.66798459172
-2.61395683942 -3.45897604158
-11.3847308238 -4.76116282219
-6.61304791989 1.32848619177
-0.269238028385 12.162717672
4.37644586743 0.626496283636
-2.81850553735 1.20761929197
7.36893299533 0.620206979402
10.7732987632 0.535184414716
-2.45075770789 -4.34876793864
-5.81113960019 -1.57534819725
4.78971829832 1.85133690704
2.99048288758 -4.43808083743
-0.406947929991 2.81325160378
4.61906240829 2.882018008
4.70774492873 -3.46983112535
-3.51748333907 -1.86939404503
1.86931660241 3.80991250657
-4.37981751248 -2.51801757385
9.76612130893 2.18569553242
-1.87066370783 5.12409010214
-7.29795279086 -5.56076704564
0.0659940136184 -4.20383680488
2.68522532118 -6.83937971913
8.57749292166 -5.02497687479
-0.810439072606 -4.96297225946
3.63104494067 -7.58519713414
-4.77301921955 2.79190207839
-2.67482327227 -3.62395444843
1.66520939351 8.12642353267
1.64490613351 4.17133841552
3.94796885297 -6.125059408
-0.450771888846 5.50812632332
-0.070441456355 -0.208114126082
4.93771888278 4.10692068882
-8.16416498464 -8.8241740959
8.80543632347 -3.99949693676
2.52902987275 -3.40830467388
0.985678948766 -1.29453619154
4.08320384438 -1.02110977269
0.836590770493 -7.72722575882
0.374353450259 -6.46794525695
1.62967327401 -4.59244557042
-0.689259845084 -4.27566267779
-3.50046223279 0.993052091699
-2.55944132338 -0.593321245043
9.44462217132 -2.41749939738
-0.0452630088128 4.61411625192
-0.420916304173 9.79048062293
-3.77404609955 -2.70274807147
4.50997194808 -3.73569792685
5.30530445442 -5.5574203338
6.05695485378 -3.38372336114
6.28348641054 -0.568674324595
-8.19348166593 12.0297454552
6.89575795182 -2.31151324815
0.237654959153 4.14916384399
8.37654759789 6.17492757248
-8.73904311454 -7.81041984622
-3.10186861667 -2.12674031663
0.54271347582 2.21610962486
-4.56686303108 -6.86758530374
-2.88015298759 -0.0381755790202
8.13103629023 -1.58300990326
-0.686080386013 2.29096702646
-2.70024986694 -5.2476573388
-0.343944802554 -9.91656668514
0.831154185624 2.83195302754
-2.59103122158 -0.357981111379
4.70128895153 -4.41582651092
3.88385790001 2.64765003963
4.9218857892 7.01991726371
6.22978738267 4.95908737163
-3.46195059759 -4.66309526711
2.7061363528 -1.31258764983
1.85558060953 9.77846321511
7.01646358397 -1.2099873208
2.76531120604 -5.4729461292
-5.34497007042 -0.309767950525
-2.29875105814 1.54207677553
3.17065265615 -0.202290363545
1.14842753757 -18.0351408961
0.657471998233 -9.78039087178
2.21788488386 3.24472100645
1.28364284885 -8.84623981151
0.554790180211 -2.49369699624
2.57984342993 -9.6360084532
8.54712415969 0.729412945204
-2.91301755817 0.143184341819
-2.44196255699 4.80841200781
-5.22919963675 1.28248123244
-0.909739458586 4.94884652462
-1.72560728659 -1.76414815236
7.937873348 1.46286107899
-0.480211174434 2.21177137978
2.04358337403 -3.65933496355
-2.19239115905 -3.61208500297
-6.18763442256 4.02182569092
-4.3777613614 6.1170417561
4.83590999612 -0.248248062004
6.37071934668 -8.29224717884
1.84154309502 -2.01352757279
3.48496553091 5.86927367212
-2.46194025851 8.28273484329
-4.90477301866 3.31476523277
10.4172816036 -1.49349295912
-6.04584601518 2.8854663369
10.3002318984 -4.65976360829
0.551137567985 -7.20549995586
-5.13121029999 9.31782405752
3.20247309385 -6.04553891455
-0.733225852203 -9.90241544569
2.34732337282 -3.93768087164
4.46988955225 -1.65127309415
10.3346700325 -0.260557369746
6.50122246655 0.638062558054
-3.88531691435 -1.45226801091
4.15115038078 1.33687829361
4.06318241357 -2.07170202757
-6.89861938506 0.908710147824
-1.02539234724 4.53541398321
2.34548606378 2.25325693756
4.98170887346 -2.38071362761
2.15089799031 -2.21499937805
2.65798186196 2.7226607688
3.57230459474 2.38170864253
0.785238214698 -6.15041750198
1.19553681052 -3.80770094757
-7.74482259212 4.97247010724
2.50062193543 2.87625596902
-4.77988178406 9.55663712544
1.23722284075 8.38203936853
1.72782740363 -0.838079110548
-7.41896262992 -0.658758805894
1.87799614711 3.27270528594
1.42719073373 3.88516047224
-13.4148196559 -2.81535296494
-4.61555868143 -9.48683700555
-1.90994976914 -0.334200341369
12.008193806 -0.186391115425
-0.181924228889 -3.58046677227
4.96486827077 -1.15535757509
5.25056215482 1.94248406944
9.64406399928 -2.33102491849
2.84941771232 -3.97632451714
4.7924389574 8.40838028796
7.50442743229 -2.98741653478
-1.98878712097 -0.815881242817
-2.33055267972 -3.01649847492
-5.26375538403 -6.17172584607
-0.838639802114 -1.9625136712
1.29036085918 4.73970581159
2.38022738002 2.83097711437
4.82388955211 4.70485543275
-5.30137356746 -5.05900717137
3.0084666672 9.00145649098
0.49869878254 -4.60626561209
-2.13496993587 2.97358882494
3.01057305157 4.87146781868
0.644305608896 11.0843099498
-0.469969725591 4.60810380577
-0.23803574949 -0.427133691389
9.46447273898 -0.919322957547
-2.74504450211 -4.39097067756
5.66015405109 -1.61403447757
5.75416557759 3.8478850699
6.06996421026 -10.7093416997
-1.63592696031 -1.28057556319
-1.95438249848 -0.121079108303
-6.32578085181 -2.93788523354
2.93423399836 0.0208361653339
0.102992978944 -1.4967448247
-4.33561665716 -0.610063577486
2.67354180785 -6.18132392779
-1.26020191298 13.4141704934
7.68891109112 -2.47172804393
4.36580541745 -10.1627757958
-8.63095993563 5.88370393541
-5.94870297547 8.05290941187
1.72629649316 -5.69643012936
-2.449012562 5.29995207407
5.06034897595 4.67589624141
-3.75097979813 7.51801505068
6.9902678824 -4.11398134569
-10.000212801 -6.38516407559
4.56480255089 1.60022388588
-4.76879720525 -6.78830180498
-5.52968729451 -3.93244722354
-0.94421274753 -0.766486696922
6.25244973531 5.84778156667
-2.6388167851 4.56379172178
12.5160912469 -4.14024619879
-5.58693139348 -1.99823073243
5.57946371816 -4.99982113701
4.5187373574 -0.927277428448
1.69208169629 0.0433998454305
2.42938095014 -8.77817132417
-2.27625304402 11.3616174406
-0.212731679936 -0.898467777878
3.65323768888 -6.05506724251
2.37944993774 2.0593769598
-1.84289203179 -0.607122137287
-0.112439523956 -5.89565480361
0.19458785178 0.516994306139
-6.8842942977 -0.697547132413
6.39335495014 -4.93770304536
-1.44120339092 -0.660859598729
-7.22879247957 5.02687413549
8.54113335136 -8.90237817982
-2.03831345146 2.68193589869
-3.6344608048 -0.252030126331
9.62736814395 4.46633807097
-2.27976217408 -1.95471841412
-4.64727066802 2.9253434496
-0.635196169005 -8.99160831558
-8.40840885655 5.80785754274
8.99935562893 1.91954327814
-3.69304191485 -6.82742324123
-2.06609691698 7.17249774556
2.2245904546 -0.411742737775
3.56278885081 -0.474957864916
1.20441010591 -6.74125614897
1.30667903176 -2.4719571139
4.51318600566 3.38706382901
2.56920555109 -0.00889484659248
5.92841379651 0.502189197314
-4.43099232685 -3.15509613349
-1.71073719772 3.69025140968
-0.740484382688 -10.9423895309
-3.81281867273 2.29410379179
-12.5289330105 -0.562600671728
-3.14398431795 -6.29971396821
0.607638918872 -2.3200984174
4.13724231393 -4.06377042374
10.2966915118 2.15654885504
4.04757643166 -0.6383752625
5.17562644147 -1.5178874
-6.95811670688 1.54994922986
-7.62143881206 -5.74745878535
-0.00692383200158 3.97903747758
6.02731637574 -5.90870424191
-11.0965761328 1.13737294159
9.01678930898 4.3734294474
-5.40161634888 -2.51381578197
1.24495378387 -1.19250828122
0.142250753322 -5.41362831748
-4.4320473663 -0.0839055438534
-1.63733553328 -2.96261695838
-4.74270191462 -3.33067080947
-0.923787724634 1.56498709477
8.05167341262 -0.726908232434
-4.69008346499 -2.76314403173
-5.00735863583 2.25244924626
6.29123915451 -3.66067466611
-8.60501043907 -2.05820545501
4.37786636389 -6.67292579067
3.48250281881 3.1858613186
3.88577706222 -4.27568962368
-3.47759953988 -4.02580921108
-6.22487368833 -1.2235520728
-2.44403459544 -4.85624533712
-1.51866647296 -8.26264623005
-5.06546114173 -1.00967508004
7.54132817129 4.84924261893
1.11667212114 0.0416892972698
0.995396361292 -1.689768912
-0.632617075692 0.595566512066
-3.83366180722 -5.05243790356
-6.92272084878 -3.63193049659
-2.22566294387 5.0394684233
0.867319249263 1.72277330031
6.95711124935 -3.45129275768
7.69350402313 1.09296703582
13.4954562468 3.96028977403
2.19775261514 -9.4705294877
1.27437138063 3.24293242811
1.10083227319 5.31151291024
5.64146162035 8.29320713855
10.6419542621 -1.7345171648
-6.38916209303 -8.01277105483
-0.463054212878 3.35866203256
-4.07837408896 1.98671065991
-2.58365364725 -0.28038716856
2.32426835859 3.82239473089
0.277205142934 1.53321350466
11.0998865367 -5.06451466308
-5.05171990431 -4.28497203257
2.42849780576 -3.2925880061
2.38393565497 0.590495379682
5.4790217641 7.42849987697
-2.27299230693 -1.75645493954
-3.38936374571 0.24467137595
-0.232738108528 -3.97541093654
-1.541810511 0.215665219631
-0.774937711182 -5.65089788889
-0.0992753631973 -3.70819110247
-4.9003582351 11.1124007664
5.39397535909 2.87717841925
-3.85425842998 0.239723175627
4.72231514794 2.32587208239
0.970469268783 4.58704177756
-10.3106153193 1.71774040927
-5.9960392981 0.639336190788
-1.28192694081 -5.27043162072
-1.11262945345 0.870016617785
3.54772626703 -0.345459415637
-4.33677984953 -1.14109802628
5.59443212989 4.29301250756
3.10090705849 2.52904209726
-4.75020583466 -10.7932479781
-3.72655515086 -7.57667365537
-0.828230349565 -6.59862624043
-0.27808931002 2.97405615429
-4.82681277963 -1.11480794583
1.37681445817 -6.18414087058
-5.46313337246 0.59007720851
0.101597646256 -0.751545766153
3.49680360081 -3.08003798167
-5.10140831212 5.62451721846
-1.03335702098 -1.13600367454
-2.34160363492 -7.41133985956
6.82638223938 -3.4691134828
2.91200219047 -0.127464345293
4.60045464255 -4.85235981851
-1.50502066299 -1.10215420717
-3.5269925037 6.05516866985
3.55794070425 1.87078685259
2.01580001852 4.2948579161
5.24447957173 -4.84302871141
-4.19554745678 9.18180201253
-12.7986247637 0.483127436151
0.960156786782 0.375429369296
-4.12710264376 0.103736755321
2.02822072665 -1.53265573713
1.13810873287 -0.982193675404
-0.454523755904 4.99874849907
6.02202696153 -1.35068699238
5.82836388429 -7.64094678804
0.801187763547 3.31975508878
-7.50865630575 5.8246131415
4.141436998 -2.95040792334
-0.00113903941874 -0.889106495977
4.36693386031 -5.8529149174
3.54175513564 -3.26269556292
-2.51004748062 0.112788564387
-3.78250569215 -4.68056459962
-3.02795790307 -3.02298923533
-2.69549707324 -5.8795435069
-2.95502885297 3.13863549997
-12.1838742406 -6.30550570974
8.09031198153 -5.68257497413
3.37649506645 -2.30088012605
-3.64981444659 1.02474894377
-4.73406810652 -1.31903916396
1.28316358544 10.1199406149
4.88984060981 3.12947808861
-5.3918339565 -4.94658690596
1.11464210485 3.23719288209
-0.809354976315 -3.86472671968
-1.54548942891 0.577065316711
-1.2650155231 -7.87274989879
2.14864303588 -0.477777626598
2.31765381435 -2.15002661323
-3.01667988827 8.75329767659
7.73877377562 -3.88253262112
-1.1871627893 2.33932970309
-2.84849861918 -3.49157677794
-2.08125279928 -4.58773350175
2.95850640199 0.341107778157
7.91416522662 -2.22262487083
5.50865844537 4.9616737871
0.840149397362 5.07908471007
9.0591094191 -0.99792813461
-1.68672556576 4.32614502983
2.64346682525 -11.8960889687
-1.21525570178 -1.14753864651
-6.88066822143 0.145021523325
4.84401411458 1.30988145248
-2.17622244959 -14.8709713582
-1.95771044973 0.22167709815
-2.05080723549 0.700478104586
-2.39002281146 -4.93002005064
1.46468960677 -5.90804399356
1.33813343944 -13.2766570767
9.16116127039 3.7560644491
-8.85466480851 -5.03318512491
10.4563635158 -0.882844856122
4.03799947237 -1.99741925949
-8.29489376726 -7.04288808906
11.2616157583 4.77530711868
3.13119906679 1.01185033528
-0.955349869776 4.38158244708
-1.39132754917 -1.90796809092
2.08735008545 -6.09741933752
6.27830297258 -11.6709132827
3.16684913948 0.41396806106
-1.48714593453 1.97720560101
-6.49094823 0.692044480182
2.20835444917 -5.54740807642
3.21546695171 0.389828701626
-5.6944385585 1.56506428441
5.60273408018 -3.58806640814
-5.28254139937 -3.02573430079
7.77740721182 -0.14609317999
13.669954374 -7.06124452536
-4.63347517152 3.02801667647
2.29197097949 -0.563417073206
4.03786852207 -5.08350430133
4.94561448511 -4.78676671502
-5.36042079138 2.00277242579
1.09797083317 1.60676717573
4.24623534995 -1.45094490992
-1.57976252251 -5.93634984634
0.632256743739 8.06694419768
8.59682255894 -5.6181972799
-3.37534789062 0.503993536126
-3.32613046997 6.76969182182
5.28666223578 -14.7717669731
8.66156359484 -0.866073564185
1.49540668346 2.8428674799
-5.5007919665 9.76581506815
0.456986043192 -3.76821737099
0.844499401297 4.46387621388
7.77045749206 -1.37434748211
-1.73952531429 -2.5670828467
-2.90900994388 0.634235020377
-0.37736241481 -2.74423004969
-3.08974140252 -10.6212739395
1.9305017811 -2.89397210118
-1.93464329069 -3.89544119666
3.14308024024 -9.51677565698
-3.24130124265 -7.36579338557
1.47727076463 -7.6613961912
-0.174184419964 0.796308856975
-4.10096858905 -5.09651293333
-1.30689886041 8.8367509877
-0.0265374319762 -2.90788836574
5.75252720315 1.20474857125
2.57053935181 -1.50208578091
-1.49771627264 -1.24615779848
2.93870969829 -0.948836536824
0.496122881997 0.065537875379
-7.25131533509 -2.11965449677
-8.10941140498 3.00586738421
1.61445834839 -2.40072754476
0.413363510644 -0.00739984406238
6.7481994511 0.687103966151
-0.257495721277 -7.94715009351
3.55022878383 7.3392100072
3.94525654022 -0.236423947488
-0.331318514134 11.1885278685
1.6723293213 0.525922264569
7.48732985248 -6.89051689161
-3.93361368689 11.40561329
-1.07233263091 -8.08621205342
-0.369084495846 -8.42265329029
-3.76461858892 -5.36415449533
-8.35559970999 1.52665808452
-8.00461924418 0.0130146358066
-1.33079540812 3.08624347652
5.19830745597 8.41035960273
-4.96018550644 2.39697297421
-7.15654222871 -6.29542086208
-5.09679789444 -2.7282624914
-4.6310524863 0.212805749123
9.35349711806 2.77592909292
-9.59080757094 -0.464652263914
-1.36191077414 -7.82467640679
-3.74752315631 0.0625575138308
0.0947260579103 -1.72402808403
-0.902138025291 3.8289315502
-4.26421335617 -1.41295651856
1.50644839347 4.82402152297
3.06227571947 2.84001521126
4.39948641578 0.256356155671
2.6903056622 -5.67818978491
-7.24598065425 -6.92898183719
-0.298942289212 -3.81186174622
-4.02461384442 3.5502958554
-1.91498864931 4.06005883557
-1.25082246304 2.8668583532
6.70289789851 -5.82074051338
6.55025766235 -1.36319155869
-1.5972352077 -8.39634087366
1.76658151996 -2.51791262008
11.8957057066 9.79838743459