1000
9
776
419
61
112
925
272
483
260
809
173
242
119
796
422
700
530
694
645
430
527
950
871
793
138
485
344
487
725
179
730
661
133
394
977
567
716
602
637
290
635
70
437
339
832
793
69
799
392
230
92
441
766
312
319
543
5
719
147
151
549
846
442
348
629
244
835
509
582
162
212
635
131
782
461
28
218
640
988
736
510
959
593
416
701
516
553
476
42
65
250
326
567
147
393
224
469
383
896
628
278
574
949
148
54
143
646
164
474
387
200
851
248
147
889
666
772
424
537
939
193
694
41
351
91
227
358
204
192
807
895
859
703
532
769
648
613
415
481
799
940
387
399
46
865
980
812
852
844
450
888
820
544
330
791
1
931
97
345
923
763
228
623
155
531
107
762
702
563
649
832
900
671
279
515
53
147
642
44
882
939
68
911
570
249
47
788
887
38
279
94
906
172
782
612
270
218
659
696
686
869
889
257
186
535
851
341
442
523
137
640
726
815
683
627
891
836
41
383
865
140
140
26
759
450
743
879
832
461
380
40
714
100
716
352
560
550
449
905
887
225
61
57
824
76
113
994
1
84
572
399
980
204
133
377
904
247
327
808
37
650
593
442
888
572
123
724
342
398
414
442
649
49
492
434
444
994
84
150
357
211
80
479
209
417
225
433
946
367
417
406
463
666
777
715
982
846
763
286
978
426
397
882
765
281
353
763
310
379
492
745
410
759
736
728
870
689
599
839
681
708
79
381
203
389
449
704
172
161
172
846
197
689
433
716
124
965
251
137
384
512
174
565
254
703
709
851
811
580
34
199
945
251
272
663
516
711
655
678
409
162
996
150
438
866
620
259
394
379
163
287
806
810
799
600
359
303
5
124
538
500
371
411
227
573
35
614
878
967
238
704
45
956
400
987
779
652
830
33
790
956
152
6
788
916
329
49
320
148
609
47
726
931
264
546
578
518
76
116
86
450
690
123
730
579
923
200
163
173
995
48
881
396
539
798
357
827
322
599
508
94
306
813
832
448
767
254
373
853
857
238
809
332
385
538
625
381
750
712
116
681
190
625
238
743
177
299
276
527
841
991
267
681
688
385
373
725
221
481
654
125
71
706
535
57
613
631
493
394
585
152
120
703
307
762
839
378
54
552
946
368
460
515
804
51
155
957
743
488
61
780
536
239
743
366
526
113
354
132
821
678
895
358
405
58
701
371
753
980
89
144
402
360
565
221
142
867
893
466
279
917
532
841
944
175
39
886
421
770
541
182
353
662
368
343
454
912
268
256
911
68
853
161
359
547
965
332
37
829
566
66
743
819
283
333
236
730
772
411
916
174
359
202
903
782
99
515
729
712
561
684
641
143
564
125
427
468
973
950
133
477
673
152
397
95
730
12
4
563
445
913
496
241
543
226
732
207
220
849
368
893
713
356
283
755
896
717
477
279
118
3
502
620
932
213
35
388
662
824
337
811
455
787
152
212
542
624
505
226
944
814
859
890
629
446
981
781
630
84
225
905
381
715
915
325
236
5
90
360
923
691
216
231
775
434
429
121
533
757
76
802
833
476
30
117
637
369
12
737
262
595
44
392
233
762
946
559
90
505
323
538
996
737
257
542
287
819
186
555
35
716
13
840
319
712
268
118
328
704
89
32
119
96
323
367
867
234
836
806
71
271
901
681
963
656
657
105
20
90
982
642
418
843
641
755
840
166
301
590
535
121
233
537
174
576
832
237
824
465
856
504
200
476
654
88
826
983
821
392
922
834
421
547
703
348
391
43
480
424
460
55
0
479
724
441
721
556
414
267
234
139
917
931
762
442
220
794
588
5
431
624
802
515
143
679
277
239
573
374
598
842
497
133
841
572
677
239
231
657
38
511
332
267
880
878
867
158
393
284
639
406
156
361
845
971
84
129
661
755
873
572
637
114
40
786
527
1
205
798
649
157
903
818
819
294
361
67
890
83
681
921
590
967
992
825
569
938
79
314
778
643
106
773
978
603
113
752
427
798
647
402
16
582
621
809
475
998
572
31
446
514
160
987
998
818
759
531
349
488
58
909
765
237
672
875
157
844
780
877
383
3
59
803
789
657
797
926
419
862
547
328
486
196
245
305
519
892
667
514
712
225
261
230
565
478
868
546
998
242
646
979
792
94
681
50
890
505
274
470
189
446
203
140
590
445
850
617
910
317
215
181
404
873
472
133
506
247
240
667
645
328
316
865
259
506
247
173
513
528
950
696
88
704
608
128
228
567
302
376
678
46
862
937
770
731
983
967
644
724
98