200
90
38
199
16
176
139
134
189
21
180
193
76
8
5
190
17
115
198
31
171
6
187
104
106
115
143
64
79
129
98
87
72
143
96
192
101
167
199
61
122
60
171
91
91
28
26
125
96
145
4
32
86
104
28
38
175
125
183
116
45
171
49
11
157
94
125
61
43
67
184
48
154
19
185
132
1
98
94
64
38
177
31
169
50
66
188
189
143
6
124
60
182
104
158
48
120
23
141
109
128
186
121
3
15
197
57
193
87
80
0
179
93
166
147
156
98
145
41
25
12
39
119
162
162
147
192
21
103
138
92
130
127
28
61
25
182
84
135
27
97
151
171
56
22
185
198
183
20
57
32
33
92
117
53
31
71
180
145
7
129
79
91
101
112
84
157
0
31
103
56
86
45
34
71
118
124
137
175
40
24
187
119
61
121
71
46
122
194
195
131
43
135
15
189
146
153
28
62
27
118