500
309
231
76
353
355
233
206
256
198
228
372
494
113
332
223
149
393
267
108
142
465
449
10
249
434
341
1
240
180
199
68
13
212
397
68
174
343
280
379
427
370
138
458
344
190
321
33
455
278
423
313
450
390
228
496
123
265
236
277
209
303
431
8
431
469
460
317
8
352
153
114
387
363
297
26
374
440
171
16
412
462
167
230
226
130
155
28
157
430
472
130
301
149
311
211
113
426
133
181
230
105
201
115
459
21
63
206
217
61
249
51
457
470
60
112
385
101
44
139
89
103
145
427
147
378
368
25
204
490
293
499
435
234
173
152
448
321
451
476
284
64
107
233
101
433
130
411
428
221
219
173
358
323
389
192
348
265
440
239
251
103
204
297
260
240
81
343
66
375
221
133
321
258
437
205
175
221
283
0
30
315
209
149
217
110
118
419
102
237
329
430
77
104
173
350
14
115
178
188
319
376
260
264
272
202
364
465
205
355
75
56
99
109
454
16
122
357
187
71
240
189
198
61
53
262
140
29
109
98
441
302
222
421
394
51
205
283
379
364
241
245
38
257
146
289
22
333
424
227
387
430
164
489
291
155
75
98
25
409
41
375
431
54
195
347
87
430
46
9
381
467
25
250
251
330
55
112
325
497
329
280
492
344
458
251
496
201
89
483
109
189
452
63
253
334
25
78
159
441
119
471
384
393
305
169
37
206
368
461
74
241
28
202
431
251
455
248
403
375
370
223
174
107
362
43
423
396
176
191
74
217
346
13
449
409
421
346
19
429
116
498
386
454
326
254
0
247
17
40
282
209
124
366
14
376
82
44
409
428
375
494
455
470
170
350
55
461
447
263
53
58
192
261
189
184
216
51
119
108
73
108
223
469
58
37
4
190
208
110
334
10
174
486
276
367
169
374
172
120
3
235
120
261
70
428
425
266
0
269
209
385
372
424
208
474
152
248
26
162
369
303
307
407
82
82
83
494
94
260
277
137
261
221
411
55
138
346
194
181
301
394
9
80
78
229
173
484
260
245
186
86
384
392
400
184
304
20
115
449
443
245
203
62
214
317
387
425
408
359
348
145
120
432
194
382
112
297
380
392
465
294
413
276
144
146
159
445
180
401
129
332
483
212
157
324
98
434
178
180
294