1000
500
-4.63210435469 -21.7116454007 0
-7.83639096908 -21.3527061284 0
-0.890370910136 -18.9790778279 2
-10.01228903 -18.9524577221 0
-9.64568690288 -18.7784875009 1
-8.46999586028 -17.5423693028 2
-6.92268701959 -17.3129230816 4
-7.12120388265 -16.7877853952 4
-3.22318080883 -16.4217812848 7
-10.8027692788 -16.0526226319 0
-5.72278726061 -15.5517879328 7
-10.3670392679 -15.5120051038 1
-5.47043354847 -15.5084555339 9
-2.02604181335 -15.363093454 12
-1.20681198136 -14.9613640811 13
-6.43073897858 -14.6269923506 8
-10.1820144 -14.5856175703 2
-8.07364710984 -14.3478278451 6
-17.1860620567 -14.3311867482 0
-3.01757200694 -14.2861697662 16
-4.10350584818 -13.9926098448 15
-1.21383709296 -13.8247470197 19
-5.52840610845 -13.6741222181 13
-6.52658579492 -13.5946144088 11
-13.0550331713 -13.5643663053 1
-3.40736460184 -13.5107791093 19
-18.0802898869 -13.4724154165 0
-14.1003445653 -13.27279424 2
-10.5853562764 -13.2408653039 5
-0.768359944735 -13.1421112104 29
-0.129985193218 -13.1279136137 30
-4.45109008297 -13.06837486 21
-8.75673427716 -12.908716936 10
-10.0428639825 -12.8447218986 8
-8.39110404272 -12.8153820628 13
-4.0331346812 -12.6641077176 26
-16.3470629975 -12.6550511497 2
-11.8322341208 -12.5717477413 5
-2.05106510992 -12.5637917616 32
-0.30949207802 -12.5631877818 38
-18.355033512 -12.5556264003 0
-5.82944183085 -12.403926695 23
-3.36700422135 -12.2135210646 32
-6.84912073278 -12.1261333744 21
-1.11372477408 -12.072499026 40
-6.80069254309 -12.0454882563 22
-7.7323143595 -11.9198675108 19
-12.2175967396 -11.8382509283 6
-4.49413746564 -11.8169527323 32
-1.31634515636 -11.8046898372 42
-3.59171575019 -11.7817351406 36
-3.581869651 -11.751689381 37
-11.9160884394 -11.5493494953 7
-8.59187564626 -11.4588258924 17
-4.21957238907 -11.3707123525 36
-5.69927820078 -11.3312386083 31
-10.3316126718 -11.1572854613 12
-2.7684003023 -11.1513730706 47
-5.51312231561 -11.0420895317 34
-2.22321462729 -11.0005874673 49
-2.51721207216 -10.770961107 49
-1.61138668269 -10.7478138812 53
-13.0632248128 -10.7245662332 5
-16.5246775383 -10.6858193237 3
-1.72611759194 -10.6650345668 55
-2.53621992871 -10.5930041851 51
-0.694910463608 -10.5317847619 64
-6.59157919946 -10.4872501645 30
-8.71532056428 -10.3675642374 20
-4.39290020105 -10.0164197793 43
-2.61571792369 -9.95366880693 54
-2.96642362288 -9.87038789525 53
-10.6284533676 -9.80404833961 12
-11.6559508701 -9.69212893639 11
-1.11627682579 -9.6447241707 68
-7.46810292757 -9.54582737545 29
-4.83288853422 -9.44606640919 43
-8.11047313832 -9.41317094575 26
-7.07535626986 -9.35164286033 32
-2.69707106278 -9.3515264235 61
-2.27592181209 -9.2778173436 65
-8.07201497249 -9.25356210647 28
-12.45460799 -9.01464970071 8
-6.23646440477 -8.9765091583 41
-0.914175559766 -8.88062228465 79
-1.55883971377 -8.83748195801 74
-2.31500865021 -8.77297460793 68
-4.1877569793 -8.75171362005 54
-2.90197722517 -8.74396156399 64
-6.93308213636 -8.71224356744 35
-4.25887319207 -8.67730016144 54
-1.14838508985 -8.64022810484 83
-4.29103938909 -8.58517231719 54
-12.016291502 -8.51951696811 10
-1.90783376403 -8.47551371855 79
-17.1073456872 -8.40519871683 3
-2.04057241394 -8.3599796317 79
-0.317038155255 -8.27813324264 95
-7.38353596283 -8.2433784725 35
-4.80735003825 -8.18184430455 53
-5.36722373054 -8.13649466779 52
-1.74994252291 -8.07940652079 85
-6.64722705407 -8.06865737163 42
-7.5038999294 -8.06275247742 34
-1.00251748327 -8.03480732664 97
-4.44583585159 -7.9976312169 60
-10.711980276 -7.98898051857 16
-3.10824454709 -7.84714711366 74
-7.94120517186 -7.80235826066 33
-7.03985828683 -7.27544890583 41
-4.14930178056 -7.20377103107 69
-6.52212625297 -6.97657132795 49
-9.74725190465 -6.89013555463 24
-8.43100765256 -6.8282161349 30
-11.4585252101 -6.62479144776 15
-6.33295191915 -6.61323327796 54
-1.27752102823 -6.59390181478 103
-5.20375287289 -6.59208138926 63
-6.70326386789 -6.57587125295 49
-0.258513833683 -6.51538887194 118
-1.48292682243 -6.48576991419 104
-0.555414646625 -6.47870011082 117
-3.54487800989 -6.46587687396 81
-17.90944915 -6.43485623762 2
-6.97630552962 -6.37873207417 46
-12.586473428 -6.37583329564 10
-1.82646023984 -6.28498274043 104
-3.10847454777 -6.26103839113 88
-3.69435313721 -6.2117296341 82
-1.78289981166 -6.14841491056 107
-21.7233761319 -6.13268875523 0
-9.30722726719 -6.0052890685 30
-1.68582515075 -5.98561366221 112
-3.23128811347 -5.97709930667 90
-9.63862224268 -5.92429317979 30
-10.0452930801 -5.80007089941 26
-9.78828667276 -5.78228894025 29
-4.68564797812 -5.68583186512 75
-14.1479466744 -5.68103466248 8
-6.08262955958 -5.64518686694 66
-4.89600207582 -5.54335395245 75
-8.11223513204 -5.53166038694 41
-1.35731209916 -5.39271721317 125
-0.586090383194 -5.38733390263 138
-10.7459551632 -5.35663150869 21
-0.977332146332 -5.25938954428 135
-0.595142740869 -5.18277958568 140
-1.22056336018 -5.12528257314 129
-9.5311587279 -5.10788285708 35
-6.97505612088 -5.05113061562 57
-4.04437345446 -5.04165321541 94
-2.00541278094 -5.03699288641 120
-4.26368232073 -4.89317256148 89
-3.437732775 -4.88810405994 101
-2.46148517199 -4.86999049629 116
-0.48384411623 -4.83091595968 151
-6.72641177367 -4.79918302832 62
-3.16997366166 -4.77608556163 107
-0.223468847507 -4.7001378063 157
-3.11017223131 -4.67316269385 108
-0.165932605266 -4.59805300375 159
-0.860498380557 -4.5435766373 149
-9.20642296373 -4.45797437928 37
-10.6097259956 -4.44247412626 24
-1.26863685518 -4.40491842436 141
-1.54128422908 -4.31225685964 137
-9.78973853653 -4.26385506631 32
-5.99974424962 -4.261711216 75
-1.97399635503 -4.25974040144 131
-9.85652914416 -4.24891542926 32
-16.7175059697 -4.23207653274 6
-7.42017321737 -4.2204289122 57
-0.958643521259 -4.11760839974 157
-1.32901444021 -4.10963383753 146
-2.29243056023 -4.07711976367 128
-4.26699727608 -4.04044655024 97
-0.549485699834 -4.02889672475 169
-7.19297012843 -4.01202522296 59
-5.13716238962 -3.96711233086 88
-6.11922472907 -3.85715005521 78
-11.3002054763 -3.78621075168 21
-3.57742867228 -3.7563956287 113
-0.656064271832 -3.73402234003 171
-6.20489037743 -3.59811883266 79
-12.4789721942 -3.59398870387 14
-5.06516384525 -3.38929839368 93
-0.589575766101 -3.38055425153 176
-3.07149668618 -3.37869900461 127
-0.474748490462 -3.34382036547 182
-5.03245957048 -3.33312621208 94
-5.00086019402 -3.33088624658 95
-9.96419941941 -3.29501246036 35
-0.890651195448 -3.26606823319 174
-1.55334856475 -3.26156694275 157
-1.88630573729 -3.22852615894 150
-1.69029821715 -3.15672367935 155
-6.39575200472 -3.14595228305 79
-0.889350153336 -3.12362824031 180
-2.76148371163 -3.11115747551 136
-13.5443046432 -3.07409293658 11
-5.3093109608 -3.0732199713 94
-1.46971610632 -2.97919973935 166
-13.2129309191 -2.95015005564 12
-10.7909515935 -2.92711196826 26
-8.51967147889 -2.88600663683 51
-0.37215331302 -2.86458413267 199
-8.6832745978 -2.84181475062 50
-0.963631503786 -2.81911827134 184
-14.8274329092 -2.77203332858 9
-10.8871020438 -2.75361967397 26
-1.58985532651 -2.72121676898 168
-7.15074778484 -2.70079743606 70
-11.8163543989 -2.60295790783 23
-5.61441093632 -2.59312675716 98
-6.37326102498 -2.57118351485 89
-5.48596549067 -2.49916720495 102
-6.68964565192 -2.49818914991 83
-0.349548499868 -2.26500250929 211
-9.84248690918 -2.23970370026 43
-0.891381233111 -2.23673181539 197
-0.908856705058 -2.19371167886 197
-0.274973575247 -2.16194816362 217
-9.96399894991 -2.11910858524 42
-8.22946410912 -2.06866067143 61
-14.2096637469 -2.0060773192 10
-12.9313582317 -1.9922448901 17
-17.0320853837 -1.885515185 6
-12.5605652958 -1.87274687322 20
-6.56077989343 -1.78765842737 93
-0.675466037969 -1.74114074036 212
-2.79101759573 -1.73670891393 157
-6.69841920597 -1.68082478748 90
-6.70791284838 -1.54760329182 89
-10.5102430196 -1.52497528089 39
-12.0087907541 -1.42122971507 25
-1.64317638825 -1.39470114967 186
-8.63473481875 -1.38941376231 62
-15.0350245606 -1.33570646667 10
-10.8439491312 -1.32210187381 34
-1.59620694803 -1.31154231859 191
-4.97717958854 -1.28298536746 127
-6.33119853103 -1.26556038519 107
-12.438586406 -1.2442228201 24
-4.63924886296 -1.24192115769 134
-9.63416042854 -1.19846491802 59
-2.81080303913 -1.14919962083 169
-1.99167086063 -1.13178507129 186
-18.5721271343 -1.06523370241 1
-22.5221175525 -1.04201437592 0
-6.9433530992 -1.03965296202 93
-3.91940971345 -1.02953640664 154
-3.27792486641 -1.02159453051 163
-2.14902497554 -0.983370721043 187
-11.7459627358 -0.976991476488 33
-13.8151916574 -0.967216960178 17
-0.173299613282 -0.964418042567 253
-14.797096634 -0.844964279241 14
-2.13066575093 -0.764523340862 191
-14.7328662141 -0.755587469412 15
-4.69259242102 -0.649129195434 141
-4.06431447279 -0.613975126872 157
-8.34167405446 -0.535543760046 78
-1.3118679201 -0.43662327625 222
-11.8422100227 -0.434209299795 34
-5.87294648749 -0.430390842663 124
-0.933815356143 -0.389933246019 237
-2.69667451925 -0.374755479705 188
-4.74261263703 -0.339900699779 144
-8.18681411386 -0.311121825221 81
-7.15858423331 -0.244479319001 94
-11.6592354646 -0.199694553509 38
-8.65249602161 -0.1137444686 74
-6.18602975415 -0.0236148933845 125
-12.6256485343 -0.00966523291317 25
-11.737201832 0.0283901611058 39
-0.775608317963 0.160922942442 254
-7.07533250198 0.186740759281 102
-5.32958157206 0.202901810198 142
-13.660206386 0.231304980313 20
-2.45096733139 0.362292238132 204
-27.2826967731 0.418785844632 0
-4.93499848463 0.442674463226 152
-0.519087368044 0.502640723547 270
-11.4789183931 0.539362089088 44
-11.5021232973 0.6301125041 44
-5.52972017054 0.637569117306 141
-2.48916012295 0.688746323873 208
-2.75584740961 0.698021964689 203
-2.40552315615 0.754662952678 212
-6.67574503369 0.781288382536 120
-4.28226409459 0.78518873782 170
-18.0192244472 0.813696475997 6
-6.99933237678 0.819258338419 109
-15.5982741167 0.881153064159 14
-16.5072104659 0.93757131975 13
-1.25637180284 0.953993361742 254
-11.2939626451 0.973655020693 51
-5.97596061303 1.02842578826 142
-6.72353001153 1.03545869884 121
-9.32355983897 1.03637038672 79
-9.12079768726 1.07295625114 82
-1.2968855313 1.12317228483 257
-8.25189030247 1.1313502089 94
-0.366988868213 1.15596129035 294
-4.57552606997 1.16775370927 175
-13.7959255949 1.33769689632 24
-9.33508562071 1.36248092527 80
-7.00008341125 1.41122881366 117
-3.11408890132 1.41148714411 208
-6.7390927318 1.45399153035 126
-5.79091802158 1.51062148209 153
-0.13733605724 1.5288177963 310
-9.91081735697 1.55688588293 71
-2.73146142957 1.58298699781 224
-11.7860468018 1.63585734503 44
-18.6001944164 1.68073047398 3
-1.01886591832 1.75605189796 279
-1.24068948575 1.83788993568 273
-30.6200947539 1.85855009204 0
-0.345563699523 1.89284919198 310
-9.48766082727 1.95831872172 84
-9.95869042603 1.97419584521 74
-1.36906417386 1.9743605692 268
-1.22071703219 1.97852863704 278
-13.6256342357 2.00022693921 28
-6.94459291427 2.00646897442 128
-3.15608783822 2.10399542835 218
-1.11333951857 2.1275143835 288
-2.18921289235 2.15745318517 246
-14.393285287 2.53782715837 22
-2.68064217731 2.55376908072 236
-10.0886887634 2.61842678713 71
-8.10277786232 2.64049729411 110
-6.68707569577 2.7001919625 144
-12.592159768 2.79973699868 36
-16.598251985 2.84064436067 14
-13.488537064 2.84814334651 32
-2.15479342797 2.93129058763 255
-11.6475303441 2.95888838445 56
-0.910995727386 2.991469136 307
-9.59202169701 3.00018357274 91
-8.15787082679 3.00511335019 113
-5.96361822061 3.03350590207 169
-16.1209938025 3.15824549263 18
-6.53222415314 3.21063999956 156
-1.34148048872 3.27582537422 289
-4.65969115803 3.28138748767 199
-5.85442910338 3.29621996021 173
-6.25471835768 3.3263371815 164
-15.031208129 3.34767958332 21
-1.96268880208 3.47600148619 274
-3.14349262209 3.59959916429 236
-16.7988010542 3.62396848682 13
-1.81488189777 3.6686473632 280
-0.130070859965 3.70430599846 353
-5.73537532962 3.92680929221 179
-2.99537778822 3.93712717541 245
-3.56967850802 3.93903813333 229
-4.63626958996 3.98175123045 206
-7.91329650269 4.0836075874 123
-19.4228126729 4.11543897538 4
-4.74354694604 4.15887014122 203
-13.5278590035 4.2796944916 36
-4.99119137839 4.33098828071 199
-3.58195344761 4.44185676879 233
-3.48517196976 4.51550398383 238
-11.8449075088 4.59181406951 53
-33.8191257317 4.59994682191 0
-0.232638382589 4.62914059034 362
-6.93728127552 4.65531038199 147
-7.09561216711 4.79408298429 138
-7.10359491708 4.99054477896 138
-8.34109167125 5.01025487734 117
-11.1950370177 5.10839412441 69
-8.94147909548 5.21454716828 107
-6.34882830137 5.24566423354 175
-6.68662984215 5.27475611885 165
-15.98707749 5.29806964682 22
-1.4211990522 5.37796795817 317
-4.44817830067 5.47964987517 227
-1.63425441521 5.48022273923 310
-8.69729911455 5.52300775364 111
-4.58094893542 5.59662060655 225
-5.51627548299 5.76527089032 200
-15.8117950454 5.88810908205 23
-3.53383401282 5.91453157883 254
-6.02021495075 5.94696348498 188
-10.3500974659 6.0718273996 83
-8.64242026208 6.11054740838 116
-14.2866131733 6.11481312738 31
-7.7754291797 6.19879898236 138
-5.81975010206 6.28333488053 199
-24.300372932 6.29126771735 3
-4.44207125223 6.35303830233 240
-0.504072559523 6.46583866377 377
-4.49330134449 6.53549047618 237
-9.05993216315 6.71181097776 112
-6.03149639293 6.72907785591 194
-10.1061246895 6.90863994042 88
-9.616510763 7.03817459122 105
-1.26962169959 7.12241794649 346
-7.89629538921 7.12293634198 141
-2.84621958945 7.18187146674 288
-6.7790531547 7.25462216474 169
-10.7713113405 7.41678759357 78
-3.32793181871 7.43995068652 275
-30.4263609642 7.4763241099 2
-6.3095411259 7.48854254946 194
-0.385022474433 7.53934393507 393
-1.83763062469 7.56946194096 327
-4.0516240142 7.6714887198 262
-5.53831429213 7.86226185308 215
-7.23494400538 7.89567170926 151
-10.0810883992 8.02233421089 92
-0.708356764656 8.03038235731 386
-5.73470429104 8.06822995081 214
-7.56819177965 8.10216972642 148
-11.329825109 8.17651516003 72
-9.52345243131 8.19268878918 112
-5.7428825977 8.3071303166 216
-4.30324799651 8.45501784402 260
-0.309708714704 8.46238064123 411
-7.92499661934 8.48347802064 145
-2.11810550525 8.48708562924 329
-6.91931924973 8.51149512259 175
-2.49634876016 8.52520463904 318
-2.93972204404 8.59760758861 304
-14.5800903755 8.69554794245 32
-13.619898207 8.74410278389 42
-5.12414759845 8.79917028103 238
-9.32742010652 8.87517174417 117
-2.97181933361 8.9648762431 307
-12.3887350395 9.00216511312 57
-4.22811825502 9.12913126212 273
-12.0700991492 9.1500428928 59
-8.74378191636 9.20104684569 127
-10.0458495913 9.24666448036 98
-3.30007378227 9.25428543332 299
-7.76215342911 9.31593042338 157
-6.47932978715 9.3247641126 203
-14.4694348882 9.52626760518 33
-18.4709207265 9.54840474589 10
-6.58068105831 9.77636274324 201
-3.574848963 9.94940047286 296
-3.90158241872 10.0351158231 291
-16.5595989355 10.0613193696 21
-3.06659966459 10.1921444042 319
-7.60721991011 10.1999401702 162
-5.16726405699 10.2268428886 249
-7.39444527373 10.2514227347 167
-0.429013148746 10.2930776296 433
-0.768354306821 10.293515537 420
-4.24852910885 10.3123434386 285
-3.02625374723 10.3679118383 324
-0.84090329484 10.4234124575 420
-3.00216215429 10.574934655 326
-0.666182912648 10.6203214751 428
-10.0637516789 10.6465480061 101
-2.09338361392 10.6886221392 360
-5.64123552666 10.7092045154 239
-0.97638569014 10.9184530246 413
-2.44525839575 10.9294883432 351
-6.81945887942 11.0758469189 191
-1.10050279619 11.1211488759 412
-15.5055489076 11.2244348608 29
-23.0271713567 11.6336786843 5
-4.08643878771 11.7134219076 296
-10.1492531382 11.8934019813 100
-1.87417986114 12.0828084743 377
-0.613399334367 12.2919175255 442
-9.41648008021 12.4344689119 126
-0.174181468154 12.4685048028 466
-0.53684442224 12.6775457749 449
-8.78665350009 12.7902075518 135
-2.99946035988 12.9921635435 336
-1.6019597169 13.232193902 392
-8.03917950003 13.2493818867 160
-14.0090868587 13.268451025 43
-4.4497735769 13.6597618853 285
-6.4590285965 13.7374784364 219
-0.614138106485 14.0735026612 450
-2.61763221833 14.7737881012 356
-11.6592584057 14.788496401 76
-2.67738559 14.8804203963 357
-2.12677524949 15.1853707285 376
-1.19671274242 15.8210470634 425
-6.19439793289 15.8414757922 231
-3.36710323083 16.024494791 324
-8.14231664393 16.0697489792 157
-15.568574198 16.3709248231 30
-0.994010290508 16.6631871345 437
-22.9952005655 17.0885565183 6
-8.56338805685 17.403179647 149
-5.44321191983 18.1272698206 263
-4.60141798152 18.2190748028 288
-7.18347679446 18.7440745232 184
-7.44425247066 19.0145702686 179
-8.79195349736 19.5785868109 139
-5.44639922992 20.1726257214 266
-0.484602986545 21.7702268502 478
500
6.62298223805 -27.7351522682 0
3.82633217832 -23.492769204 0
10.7272421966 -22.2432550417 2
2.31113175676 -22.011010729 0
3.4089641951 -20.3240221781 1
6.55169128238 -19.7915347463 3
5.31093879969 -19.7371003951 3
14.7482667659 -19.4445835048 7
3.41522015154 -18.4502471214 2
3.06274476801 -17.5256898153 1
9.05946407574 -16.8451516255 8
2.59535432909 -16.7449809674 1
8.48374005957 -16.4194216611 9
17.7837968153 -16.3287890303 13
13.5054519429 -16.2359495986 12
0.546589973605 -16.2217296467 0
15.5238495841 -15.7184065403 15
1.53642633414 -15.375387464 1
9.29416832473 -15.2540369009 13
0.066817071301 -14.9215588241 0
2.61870655012 -14.7630886635 5
5.47513370109 -14.672860982 11
12.3201346644 -14.5965312545 18
0.644724796795 -14.3669058451 2
11.0726899908 -13.9533561972 19
0.602821208013 -13.8247203604 2
0.639581509974 -13.3023512176 3
4.61205554488 -13.2588641953 13
9.01111624694 -13.2315895331 19
0.436406172128 -13.224404721 1
5.51032141333 -13.1558746055 17
1.4128242243 -13.1445408296 6
3.42528770426 -13.1348662733 14
7.90885012194 -12.9748918499 22
2.81597672011 -12.9115326028 11
2.29386776944 -12.7094455085 8
9.08833474988 -12.5464944586 28
1.2369084966 -12.4416426076 6
15.4610323898 -12.0462294557 36
12.2888003141 -11.8459457987 33
3.40376594084 -11.836660055 15
4.85540387659 -11.796937395 21
1.98844758671 -11.7640225562 9
3.44020125384 -11.7198250442 20
3.03919021834 -11.5613801875 15
2.41542950047 -11.5424651463 12
4.96451889014 -11.5232439221 26
10.1278257851 -11.522746346 38
13.6176593921 -11.4218197077 44
11.4275441997 -11.4131611955 41
10.4447283611 -11.4039603265 39
2.50414937805 -11.1690314154 13
10.3473835535 -11.0554318848 40
9.54934124405 -11.0084522751 39
2.70148089179 -10.9341111108 16
1.69713266801 -10.9308666104 9
10.2719252576 -10.9265058876 43
14.6251355842 -10.4138525217 53
15.0506458572 -10.1167168557 55
5.38591817543 -10.0576357169 31
4.22834925631 -10.0183112429 27
14.5918353443 -9.94456542001 55
13.0413805403 -9.90227959127 53
7.57239081464 -9.89700509317 37
23.281665896 -9.48415374691 64
8.30485818778 -9.30295186582 39
9.97060053957 -9.2611030522 46
18.0379109079 -9.13140031077 66
5.59472904125 -9.07422396934 35
10.7356189544 -9.04039683463 53
6.62149701748 -8.94413308826 37
-0.075639631126 -8.8647257841 0
0.426129461954 -8.84331896477 2
13.8418613275 -8.83784586301 64
5.89600844406 -8.77746422589 38
12.5108061913 -8.76946890821 62
16.2069962711 -8.71412370569 73
2.48420831658 -8.6598971815 16
1.892575907 -8.64721583342 12
2.10752232676 -8.4835619639 14
4.98030783735 -8.41009439685 36
1.38531837698 -8.29247926615 9
1.2745582356 -8.22115018001 9
7.7021623189 -8.13429274449 49
4.2915971119 -8.07133834275 35
6.1902832639 -8.00887988261 46
7.94470820929 -7.89616975708 53
5.03919439092 -7.66156266694 40
6.67974647878 -7.65895372093 51
5.08239177238 -7.65667679143 41
7.5189029669 -7.48366409102 53
3.59830545088 -7.27235635211 33
9.61518559789 -7.26464606172 66
6.91977312371 -7.16809119862 54
0.562698391417 -7.16592466062 5
1.60537046427 -7.09513085388 14
18.7216081207 -7.08099535452 95
6.37966860226 -6.91036887114 52
2.28978328099 -6.74445944469 19
1.62491065432 -6.72452271309 15
10.4336963998 -6.70505548361 77
-0.117436238329 -6.63650418501 0
10.7858329268 -6.61710610894 82
15.19025693 -6.56544390307 96
12.3183555014 -6.47029814864 86
8.94564334526 -6.42959395886 68
6.07936950307 -6.40056728391 54
5.8609260031 -6.36028521332 53
3.19373812222 -6.26117674385 33
4.17798551749 -6.23210879745 41
14.8792143004 -6.17668190328 101
6.18634161594 -6.15206577223 58
6.69750422198 -6.06056802039 65
7.32025524341 -6.05703651746 67
5.49878403622 -6.0339135187 53
4.89980714008 -6.01257897081 46
6.4710479361 -5.86229394243 63
6.27881605518 -5.83345408371 62
1.9295894995 -5.6893910081 19
4.91892947652 -5.68013489136 48
15.2448767954 -5.62748598626 113
6.49505104497 -5.62274660669 67
2.46812701661 -5.52553873724 26
18.8447310972 -5.50753203942 122
17.9060946964 -5.48821796186 120
10.9603695256 -5.48380183412 99
0.552822401313 -5.42602346337 6
13.9807004483 -5.37775054627 111
7.11210245091 -5.33166636258 76
9.36559740794 -5.26220565149 90
10.6287447678 -5.08703568593 99
1.54365478346 -4.95510414272 16
10.4524219805 -4.93285951004 100
2.91120309351 -4.86813262573 35
13.0703124929 -4.78548492313 114
4.07730076756 -4.69379647584 46
1.42278402106 -4.67967481944 15
1.98991028301 -4.62961847905 24
-0.00859411426133 -4.60040016446 2
14.2584130854 -4.47904637873 123
9.65359171767 -4.45968288039 99
1.3537478037 -4.45625047377 14
1.60665587056 -4.4490012358 21
14.3548748685 -4.43806394978 127
0.0523262312068 -4.40094458258 3
10.1905591469 -4.39530330558 105
13.3825161433 -4.374271268 124
10.3292711293 -4.36701727514 107
0.0861456371307 -4.32010452283 5
7.97403652977 -4.25071535397 93
2.81936297217 -4.23443271252 42
5.73858147959 -4.22748788993 72
4.07753769215 -4.13021830237 55
6.22331900764 -3.96644462336 79
1.52023537615 -3.88302957403 20
1.52752433318 -3.86576382068 21
6.88888599431 -3.82811476685 91
1.41880716278 -3.75591578305 19
2.10299024342 -3.72651994549 33
1.70764582529 -3.70894405829 29
1.38320919971 -3.68831287239 17
10.5835897544 -3.6693320287 125
16.1061017415 -3.5607527756 155
11.8018992255 -3.48486480732 133
19.2286583754 -3.12405328764 163
6.94240775541 -3.06656005175 97
0.164169165191 -3.06495202622 6
28.4712724782 -2.99341522748 167
1.11881277858 -2.98307908987 15
0.136232049623 -2.93699435743 6
7.33591170787 -2.91881437402 103
17.1250890246 -2.85810989743 163
8.73319148673 -2.69331798854 112
6.3254617174 -2.65384843859 90
2.05926532285 -2.63324142206 38
18.2226870395 -2.63136427122 170
2.97836124101 -2.6227475389 54
2.52049486022 -2.56929854508 48
4.10195917092 -2.56294670502 68
3.25475558388 -2.52628229009 59
0.631789906109 -2.49503594788 14
1.41209508899 -2.4729867208 23
6.3056264765 -2.4614670015 97
8.36193205628 -2.459062684 120
9.65240146718 -2.42477008951 131
11.3268808695 -2.37425292946 149
5.94056313941 -2.3159781578 92
1.51628541444 -2.30937753033 27
0.318348651364 -2.28475484441 8
12.2822766249 -2.16417162234 155
10.8717691843 -2.15843318029 150
6.82595781541 -2.13905856337 110
3.87254483783 -2.13117878219 71
1.18599877797 -2.04784245169 19
5.75752743483 -2.0131594966 94
1.17663653908 -1.9772081714 19
4.95771885833 -1.94490609174 84
7.87438807356 -1.81284694151 125
0.117450346969 -1.77148292612 6
6.10490721314 -1.70846077298 102
11.0377172633 -1.7049249774 161
3.02868791451 -1.6640285127 63
11.1862729248 -1.65560032114 164
5.15159884557 -1.59211571441 91
4.17239296837 -1.5831176207 79
13.0254443659 -1.57902616745 175
0.893631417303 -1.54871536373 19
0.843335475598 -1.43889517513 19
2.97775677109 -1.36405807951 64
2.65409313191 -1.35208829253 60
5.18593068405 -1.27945733039 97
3.82068180895 -1.25228003595 78
4.24255619663 -1.0713882317 87
14.6929181062 -1.06230567983 194
12.6347706721 -1.04968323307 182
6.87892496361 -0.978329263815 128
2.16890545479 -0.822099310974 50
3.8875202056 -0.81796851048 82
1.0034372265 -0.779810799263 21
6.5789038015 -0.759672243131 126
16.0012834917 -0.726646372701 208
5.45837307068 -0.725905162846 105
23.3748385922 -0.705887896405 221
16.1173357191 -0.690071362596 211
10.079475019 -0.645279393756 162
5.50097043167 -0.541586021097 108
16.268502329 -0.446354754914 215
14.6274589661 -0.42648106916 203
3.78803538714 -0.426323154299 80
6.83889199385 -0.374403572344 135
14.3897874155 -0.334604370278 203
12.2889512019 -0.286458924197 189
0.427584219072 -0.284297817283 11
6.1176213502 -0.26370439435 120
1.44693760707 -0.235554216747 35
14.2397700883 -0.227895482021 205
0.239788455183 -0.188457545866 9
7.72617648716 -0.127696019098 150
10.3688502036 -0.0222423893656 176
3.44652542392 -0.0176662632442 82
8.69992758665 0.0703053061664 159
5.59005643132 0.207323308904 115
6.46126514713 0.209670861937 132
18.9189690659 0.273612936856 239
1.10993280119 0.283178720954 24
6.24927482396 0.342185046222 129
6.09977440017 0.380786261991 124
8.40903944696 0.396364925463 163
5.5621514537 0.430352296025 116
12.311123421 0.534576159994 205
7.63472009842 0.597550962682 156
6.17800847544 0.599265183738 128
-0.0526333773738 0.656350024409 2
3.24739348774 0.707490187614 78
5.77739643562 0.732283241429 123
16.9039276462 0.752781809743 243
5.04616787936 0.770767727541 108
7.55195279754 0.787356682441 160
11.2024960179 0.802189569087 206
5.49719562194 0.802857299602 116
2.47122879762 0.852914230883 62
7.00526527899 0.945871808753 158
4.61890923011 0.947830357167 102
17.3334679405 0.976885359587 252
2.29931008062 1.02487002743 59
5.91275179673 1.05826933595 131
1.38245627053 1.08242829777 32
3.32199341405 1.09203657317 83
2.61162774667 1.21032155225 69
4.25086622442 1.29781274175 104
7.91838560002 1.37240748529 177
10.3492854467 1.37787637096 203
11.5831516814 1.38737738294 221
1.31150349409 1.4018545025 31
8.02991623434 1.42116928841 181
4.03067340841 1.48340293413 98
3.82419636602 1.52657173394 95
5.49790446498 1.57818805515 127
6.95936147415 1.62393725833 169
14.6469739584 1.62677972657 252
3.68357291661 1.64780867976 93
3.56987429149 1.66178749578 92
10.669958544 1.7081469158 218
1.19707645095 1.72197223744 29
11.659001497 1.72502748706 232
7.27117037419 1.74618329545 175
3.65691484918 1.7572684848 95
1.11173473276 1.84264673288 26
4.54965841826 1.86641676814 114
24.6117668505 1.88529268246 288
5.57690988855 1.95527615902 138
0.964647099066 2.00219689951 24
3.67653980939 2.03501575116 98
4.87344326166 2.08171519574 120
6.68456634357 2.13107250309 172
3.31680141181 2.26542569952 88
4.14007363757 2.27429277714 111
3.66753645901 2.28711053673 99
9.27735860933 2.32896386604 211
1.9588679253 2.34891817704 56
9.89687559333 2.35428296954 219
12.2627768115 2.37921970582 249
8.6580153667 2.42215647274 206
19.9993379264 2.42393730181 299
0.24660731792 2.44254870722 11
18.4643378764 2.56929858201 296
4.05173223585 2.66698669409 111
0.614519703502 2.73398173079 20
9.34049193975 2.76005166004 218
7.67866159869 2.76328943584 197
5.85910609677 2.8055174249 154
4.02393025806 2.85394057865 111
1.4258937386 2.87052505098 45
1.14262305027 2.90690411706 31
8.24277042306 2.93597260525 210
0.735401271546 2.95137185378 24
1.38449995739 2.9888986396 42
3.33486441162 3.03017037491 97
5.78390558477 3.08488734255 160
3.34914956437 3.10522123096 98
9.67532160902 3.19470997282 235
1.81984466898 3.2181147051 60
10.3906649395 3.22921342849 247
9.81105875791 3.26944758461 237
9.38143444293 3.29675211019 232
2.30442405009 3.32772344467 73
5.50900349752 3.34674796262 155
12.0079696425 3.35906933246 272
12.0751098683 3.50307375728 273
3.59675538523 3.55475790388 108
2.44326367387 3.61938574758 76
5.7553765885 3.64580194525 164
8.09401751436 3.74641420957 221
1.2511802886 3.77184518606 37
11.9713834054 3.78764881517 277
0.581147167831 3.8018844699 19
2.8726801698 3.8350273632 91
13.6527859394 3.84299316674 297
1.11963136138 3.99707205562 33
12.1617749143 4.13579037036 283
5.35142840521 4.14047525185 154
1.71265454884 4.22859129662 63
13.3460475169 4.33485315832 298
1.46366182472 4.40763322197 53
4.03858699635 4.42645076707 129
0.30575885825 4.44261820516 12
3.71881678739 4.45931024542 122
4.10786971837 4.51070970025 136
16.8447878237 4.53321342162 331
-0.088370687481 4.54392200927 1
3.74641740909 4.57196515593 124
1.94066523625 4.61559678789 70
6.71551916564 4.6161022414 210
7.15254733958 4.64620469793 220
6.37764019993 4.65594786483 199
6.74530863548 4.66651441321 212
4.09043772595 4.68584041767 138
0.810029971851 4.76088023445 28
5.06202830106 4.77007282641 161
3.51248606172 4.88489528302 118
6.48766213855 5.0198235537 207
9.43265981426 5.14813290813 262
6.51740212891 5.1900931232 209
23.1722105991 5.19701436625 359
12.5094759125 5.26545150253 312
0.871517612128 5.29091179062 30
9.94652632719 5.31872247958 272
20.6046703401 5.3571904802 362
8.44218735741 5.36030897592 251
6.887511548 5.37431766285 223
8.03672231287 5.3923919169 247
8.48372044143 5.47559102275 254
3.28362907512 5.47863746432 109
2.271441805 5.48102088728 80
7.65400900423 5.59348050607 240
15.6375375679 5.65301566077 350
1.86944789037 5.69477046886 70
14.4451666759 5.70907908523 339
9.79236915115 5.71610224638 278
2.88180776746 5.71923893604 102
5.30418312774 5.72593921489 171
6.03179691151 5.75552952447 197
7.5834618745 5.80695636993 243
20.8484841376 5.8077178018 378
1.70737136365 5.82044503668 67
2.87735163148 5.8668777345 103
7.04077629853 5.90213996953 237
12.4596727007 5.90304479319 330
3.66072712644 5.9335369578 130
15.9620356185 6.01382508228 363
2.24371908403 6.01567434886 82
1.23531567226 6.03278746009 42
4.80664186476 6.09936980679 163
5.29554864029 6.27511107632 177
3.5138029706 6.4230644725 128
8.20733151089 6.4853052445 266
2.77996016633 6.51005051617 102
9.87022024184 6.57714465659 295
12.2620879082 6.64509771549 332
4.4986548586 6.77278232836 162
3.27329045221 6.82377019381 117
6.26444132574 7.08462621909 218
3.89031195464 7.16814846716 147
9.87577433465 7.24849282274 300
18.5107278799 7.28358798186 392
6.35897596219 7.32697409572 223
0.779227498398 7.41760763241 28
10.9259414323 7.51251390564 325
5.6517278234 7.51934744515 200
1.54426894784 7.5713664046 65
1.09026875268 7.58150956009 35
8.00985719203 7.73220552104 273
1.01275749743 7.87179953432 35
0.502892834827 7.98590877031 18
3.13869132265 8.07940075061 119
9.04703064351 8.09867706128 293
5.54608019958 8.14408527042 201
14.6074318001 8.17437717242 377
9.73576758769 8.23724762161 308
6.84650920509 8.2513244656 250
2.61721137316 8.27381825179 104
6.37345188022 8.34297164595 233
6.24436028575 8.43543630672 227
16.1845460475 8.45852231487 399
9.681245216 8.55419577089 312
4.37685239974 8.55738730623 171
6.701706145 8.6167253674 250
12.2463612149 8.71873482953 357
10.230473367 8.81412855902 326
2.90184780311 8.81459988902 114
5.2753275661 8.87910621557 191
8.15994710881 8.97470418464 289
0.267813955699 8.99021529009 13
2.02713398499 9.09548361988 85
0.230206187644 9.27226892706 11
5.50788000826 9.28327006936 206
14.4093489594 9.4316163978 392
3.96412617452 9.49024884954 159
3.72598719297 9.56164917846 151
15.0162225544 9.94389589643 404
4.76866419468 10.188608247 182
0.783244778319 10.6792498903 32
3.8803602508 10.7303128382 159
13.8645732001 10.759053146 392
9.35964922416 10.8221898675 318
6.07604822863 10.9102193079 231
9.88554862984 11.0773093268 334
11.0501494011 11.1122124368 361
5.55228312707 11.210570308 215
1.07547275418 11.251561534 40
8.90202824653 11.2628285346 313
4.00948163812 11.2957188084 164
9.1703033959 11.4348471129 320
1.27040115211 11.4556608815 53
2.19766247881 11.6908594947 94
1.99206445165 11.7497019722 89
0.611350023622 11.7905130891 26
3.51127507745 11.8537353447 146
12.823266095 11.8958398735 397
16.7604223143 12.2159261285 437
17.4716119289 12.3105579271 442
2.73783383263 12.4172222504 117
4.38247898495 12.436067223 188
15.661472033 12.5663602991 432
1.83805392655 12.6516640674 83
8.79276283106 12.6729013028 322
0.568048876011 12.7729917578 24
5.15634389805 13.0897217824 209
8.80684087327 13.1256122883 325
5.22002554332 13.6100352888 211
1.96619570791 13.6115086032 90
0.404157414589 14.0399270095 17
10.5448582918 14.1557302075 371
3.24711638943 14.1577015995 137
1.16187344858 14.2443919642 50
2.60313437568 14.3958471247 117
11.7389939367 14.4595365015 393
6.23107059817 14.6641702136 259
2.23157457587 15.1235777151 102
11.4997612114 15.1636607646 393
0.600252008232 15.1773418595 27
2.6605108034 15.2079255291 124
1.16860032463 15.3750194432 52
9.00626959213 15.5854240362 339
17.5897911474 15.9991556583 466
1.78388347487 16.1099622482 87
3.63736304364 16.5295056926 165
10.4508348857 16.5776117489 381
4.90662176837 17.6406863639 211
7.47471264235 17.718189053 308
8.24629320204 17.9488310321 330
14.7357295413 18.1406689486 449
2.76984480176 18.7401963841 129
3.40378321142 18.7425888345 155
9.49704038584 20.2433865864 359
1.28883754716 20.9005685943 61
15.3517509069 22.1880181561 460
10.4472272438 24.2367203434 388
15.1372659996 25.3694615974 459
16.5944626677 29.0701505198 474