200
100
-35.3254626886 -50.4089755479 0
-35.6034476731 -39.8144949324 0
-4.49086601968 -39.0415184846 2
-34.9772308812 -38.7318032989 2
-5.6005369336 -32.6839117285 3
-11.6994046812 -32.6245454042 3
-14.2297848874 -29.3590118789 3
-15.4159811297 -27.3063977389 3
-3.22102995877 -26.2928823846 8
-8.67448631354 -25.903720112 6
-19.6636287685 -22.9976290727 3
-17.8029903428 -21.2491064116 4
-8.73544761849 -21.0024242264 8
-4.26663316829 -20.3669463612 12
-7.33198960585 -19.9262452505 10
-19.0268927076 -19.5991398381 4
-66.562425932 -18.7474215615 0
-18.2066095161 -18.6476865419 6
-10.9874905083 -18.4854571039 11
-14.2270432356 -18.3675524404 10
-34.0062154093 -18.3464106676 4
-14.2816037027 -16.8501691932 10
-18.7453167092 -15.4127912741 7
-6.23504235685 -14.601633881 19
-16.4612843074 -13.5891503212 10
-24.5057836231 -11.7440640835 5
-8.7980649427 -11.2545735763 18
-18.6118205953 -10.3824302353 9
-5.67451260675 -10.2183913089 24
-14.8291498065 -10.1595925754 14
-7.52155470605 -9.48384778538 23
-10.664234252 -9.32917592951 20
-6.97880592073 -9.22674647452 26
-13.071238909 -8.64529029564 18
-12.1853157434 -8.24384703003 19
-22.4428733622 -7.96130881922 6
-32.7582187814 -7.82276790865 5
-13.2417380499 -7.36925164255 20
-14.7957644421 -6.9873622338 17
-3.97831659835 -4.47470808606 38
-6.46712659596 -1.57131319344 33
-5.94871172044 -0.941174748576 35
-14.4966060345 -0.361281681856 18
-45.8495078997 -0.284526662887 1
-4.88771966452 -0.230005578178 40
-26.2585604342 -0.174853542214 7
-6.53093304221 0.177955175585 36
-9.30657800291 0.407932069974 30
-9.23677107029 0.630781770561 31
-18.1078522613 1.51871314586 15
-36.5852777929 2.61291977785 2
-13.078344272 2.63035950508 27
-7.47863101777 4.19211585395 39
-12.9763368429 4.52305796308 29
-4.4501019689 5.03094530739 51
-12.3095904135 5.14253734571 30
-15.1049265227 5.25315100076 20
-9.8585653602 5.35324170839 36
-12.6943732591 5.3610875859 31
-2.36169498263 5.51210767839 59
-21.0269328476 7.43287267946 11
-28.532448215 7.85923461442 8
-20.2442922977 8.3948011961 13
-15.3577164019 8.55968411686 23
-12.0571884415 10.1736966717 38
-8.30947045581 10.6667992639 48
-40.8731718474 11.2121110568 2
-13.3748677018 11.7248034519 32
-68.2673164237 12.0662048677 0
-5.75399621767 12.1824387047 60
-31.1145612613 14.0165304698 10
-30.3516411826 14.2968844092 11
-2.49800045393 14.4576186933 71
-16.0467974109 15.1617452467 26
-6.31805106964 15.1794658891 61
-38.9477510146 16.9863056215 4
-43.7529174892 17.9387504872 3
-8.9022466591 18.4397529025 53
-21.7038623792 20.3274806394 18
-8.40481285591 21.225350249 58
-26.8297271489 22.3051080564 15
-5.87364806543 22.470454228 70
-13.7155742383 22.4817352179 40
-18.0320791612 23.1853723473 28
-7.81934712296 23.4107424183 63
-19.8498861945 23.432814511 22
-14.2496651731 23.7772896115 40
-12.9245868633 24.9393486932 49
-16.1922112024 26.8492179304 32
-26.5176887401 27.6280922434 16
-25.0402003503 29.4615489762 18
-10.9409175875 29.6599933201 59
-5.11777205615 31.3792149825 84
-32.1607034541 31.956729548 12
-16.7834973666 32.9874386369 34
-41.5581326911 36.3666616224 4
-53.8209944749 39.4724784987 2
-35.0628218627 40.0062844544 11
-10.2818861663 44.1639299461 66
-13.1596727071 53.9611265747 54
100
36.4957280247 -66.3858210699 0
6.12796474354 -47.0737112585 0
44.7656835506 -42.1177617895 2
17.0478793145 -40.7730431513 1
13.6939821961 -40.0054297974 1
16.9345761516 -34.7573804947 2
7.42380793313 -30.3325669238 1
10.9244052175 -29.8721754047 2
18.9150806163 -28.9253915389 6
19.852910365 -28.399377734 7
34.9876682057 -28.2006173681 8
23.9836081004 -27.0852318165 8
9.54739171387 -24.9815724745 2
-1.51828032953 -24.7863754917 0
11.0353760209 -24.102113297 5
19.6461908413 -23.2275729785 10
10.2798475482 -22.797585507 4
12.0081091149 -21.7501356298 7
15.0594445558 -21.0159886343 9
19.6708237249 -20.9773884248 14
20.7935090748 -19.3604400037 16
32.4746049363 -17.0712622929 18
7.98461353214 -16.5445716167 3
53.1527497751 -14.4419625775 23
10.7598714149 -14.3978235833 6
59.3472921622 -13.3367268309 25
43.6741918275 -13.177013778 23
5.43088926918 -13.0902752413 1
37.9280392085 -12.9782623727 24
8.58860083501 -12.4792025936 5
-1.26607980573 -12.2073209633 1
7.15345557737 -11.3776029222 4
30.462589547 -10.7331016592 24
17.9469362128 -10.608870427 18
-1.77884851096 -10.1867941648 0
26.1129968496 -10.0418086992 26
8.04676072227 -8.07687115424 8
14.1479948132 -7.62296553052 17
12.6778031849 -7.52405956208 16
11.4171626907 -6.81234735571 15
10.5964612039 -6.40252521311 12
4.74788989673 -6.17361557304 3
-2.07613710264 -6.08832975858 0
3.09518371244 -5.53471992798 4
21.1673493102 -5.3436859807 33
30.1602541292 -5.31801764064 36
2.02275032559 -5.30990746327 4
-2.24653240405 -5.30750249351 0
9.52155288568 -4.39981039491 15
1.92447094877 -4.25039143932 5
8.34839726803 -3.9120889193 15
24.6836327188 -3.32911919366 40
9.36387745171 -3.21764367415 17
-2.27108499929 -3.19218156214 0
18.1958141933 -3.13180258783 35
5.80520162617 -3.12263778534 11
4.96609422216 -2.36310093629 10
13.780145361 -1.90446017512 32
16.7350008393 -1.6438673021 35
38.9870035055 -1.63373311148 55
32.7510118374 -1.15045811582 52
18.5009117483 -1.03312431942 40
-0.593586532414 -0.439906304935 6
37.0248691774 -0.0899762072171 57
23.6498596571 0.291943923579 48
4.83446683316 1.83710753043 11
56.1249411245 2.66678477971 65
13.7397920707 3.30990830733 34
35.1419860664 3.85934281933 59
6.2778504336 4.30629309495 16
5.63989240848 4.46243016253 14
1.50072312208 6.50052785658 7
47.2890724094 6.64277154911 69
8.27275601733 7.08889487772 23
21.8168518587 7.32151724356 54
21.7046204551 8.96421414275 54
10.3452897284 9.1880307791 30
27.2408326714 10.1804425132 61
-2.19409717929 11.1586337084 2
16.758295414 12.7100496821 45
7.59858077215 12.8244476863 22
41.5640393578 12.8584742199 75
31.9252138254 13.2127964516 67
21.3588386882 13.7980224135 58
9.1790041671 17.2490085592 28
35.0896496162 17.2946366659 73
10.5103360394 17.7251862861 34
17.7854584177 20.8810541218 51
12.2883501754 20.9056178326 41
-0.131976982257 21.1116035586 8
2.66543934334 21.7584784844 12
46.6322825045 21.7674222735 87
14.4126871331 26.0007234137 49
23.1085562366 26.7447761362 68
17.8563444111 27.9330128363 56
1.16492026311 28.2555313818 9
16.2887577427 39.0923430472 52
36.2334369145 42.8365967007 85
33.9872482151 46.6678944965 82
26.4952230913 49.8909606608 76