500
250
-0.673964331336 -4.7633102434 0
-1.65454950573 -3.34697919337 0
-0.202197858982 -3.14054093337 2
-0.431492014081 -2.93350956299 2
-0.667596306378 -2.61298467869 2
-2.09673127154 -2.54520253208 0
-1.33534830164 -2.53843690831 2
-1.27984393034 -2.43872768952 3
-0.808916529433 -2.41553532987 4
-1.41662483606 -2.37146424177 2
-1.87856084896 -2.19653506405 1
-0.807996606138 -2.18326004317 7
-0.880770765056 -2.15101798924 6
-1.31842324816 -2.14793664089 5
-3.3910607048 -2.11247068746 0
-2.13182846587 -2.06588810858 1
-2.61102270476 -1.98074218139 1
-1.72401905866 -1.8912469606 5
-1.35320114382 -1.87431946642 8
-0.748339669831 -1.8671535665 15
-0.0784059271175 -1.84094368806 20
-1.83794705694 -1.82238221095 5
-0.675361814986 -1.74651745954 17
-0.848657223794 -1.71333544113 14
-1.18337197342 -1.6313570588 13
-1.20190929019 -1.62676360192 13
-0.244342568653 -1.55064437433 24
-1.22789680283 -1.54658667456 13
-0.0932893340301 -1.52707891412 27
-0.4281779284 -1.51790720607 25
-1.98197295769 -1.48796606983 4
-0.559552598687 -1.4537511263 25
-0.367155866155 -1.44048414695 28
-1.1144811189 -1.40964582947 17
-2.04453765084 -1.3946258116 4
-0.279641232625 -1.38944591798 31
-0.202122962884 -1.37286627998 34
-0.0877747703664 -1.36411382097 36
-1.11483082706 -1.36004323343 18
-0.106085489736 -1.35923569487 36
-1.35385226103 -1.35513870973 11
-1.33888193896 -1.30981532893 13
-0.845083854403 -1.30442643288 24
-3.04817801679 -1.29730118343 1
-1.5414537476 -1.25126156628 11
-0.274374342734 -1.24512418191 38
-0.56622041991 -1.22964923327 33
-1.46657781536 -1.2042211732 12
-0.255099652789 -1.20198645129 41
-3.93035367019 -1.19661950777 0
-1.23693602586 -1.19528502784 21
-0.118239741854 -1.11328249597 47
-1.39476014255 -1.10927826703 15
-0.937376132062 -1.06525894666 28
-0.331198540949 -1.04600675173 43
-1.22572223805 -0.991339184289 24
-1.06024041438 -0.964964842794 29
-0.2787287891 -0.960471862197 47
-0.248401610883 -0.94945001186 50
-0.523308623841 -0.925199684183 42
-2.63319318565 -0.889075241705 3
-0.206362814969 -0.886215862665 54
-1.05901307314 -0.885798810169 31
-0.414202922273 -0.86825281424 47
-2.14547437166 -0.846065015348 5
-0.674379378317 -0.765832561345 41
-0.581001472113 -0.754730912501 44
-0.878365467233 -0.749345089528 35
-1.61599098676 -0.747349378591 14
-0.45053993094 -0.745391689726 50
-2.04995392787 -0.732346708242 8
-0.784554087452 -0.721034062494 42
-2.03133736694 -0.684746121785 10
-0.382734385689 -0.675033901089 57
-1.48826914707 -0.670998972279 18
-1.58340210509 -0.667814536755 17
-0.423765276927 -0.663503381256 58
-0.729303907279 -0.631509603459 47
-0.819080024288 -0.625059414635 43
-2.2706992569 -0.609400726213 5
-1.82277798278 -0.609397494591 15
-1.41706036695 -0.601535551574 23
-0.342586456413 -0.593445300873 67
-0.690288373779 -0.576442287182 52
-3.18176387874 -0.538811730126 2
-1.66499818494 -0.523233478776 18
-1.02538316558 -0.522625246951 43
-0.405376552796 -0.516990519372 69
-0.570303982835 -0.511594477144 61
-1.22302611144 -0.510403899291 37
-0.166773820229 -0.502492516031 85
-1.53652427131 -0.459059531227 23
-0.183159132376 -0.434449662605 86
-1.54072846794 -0.428944048674 23
-1.21128324341 -0.425244457935 40
-0.836105122385 -0.416549527973 53
-1.10536567865 -0.415608074793 45
-0.143851778187 -0.415471860526 92
-1.14058375893 -0.412623776037 43
-2.48912362892 -0.412311392673 6
-1.48797500755 -0.388662279922 27
-0.847637489457 -0.38160304197 56
-1.95841156175 -0.380813140484 15
-0.929854502666 -0.379305122196 54
-1.79964105179 -0.29930276962 19
-1.16014877885 -0.282774117811 47
-2.22045839675 -0.236962254938 8
-1.10909656298 -0.232784386633 52
-1.08393228525 -0.192473221583 54
-1.21732218606 -0.162257045427 45
-0.723927064102 -0.151748969603 73
-2.13427006696 -0.144966333561 10
-1.69874506125 -0.138400386689 23
-0.890370043797 -0.125285599707 63
-1.6582800795 -0.0964237703553 25
-0.63852434496 -0.0810696518669 83
-0.299008869751 -0.0808492977831 99
-1.81592107157 -0.0433115184119 21
-1.65451281022 -0.0393460110674 28
-1.7531284581 -0.0356587637446 23
-0.748596522247 -0.0297427374529 78
-0.652569238885 -0.026037623785 87
-1.48450583322 -0.0224920602773 37
-1.17346200573 -0.0220244254886 56
-0.124162209296 -0.00336943005143 119
-1.74076341963 0.00139280169054 24
-0.586762666097 0.00362715089296 92
-0.152876285501 0.00918673508132 120
-2.12200466614 0.0277409360169 12
-0.287413585109 0.040279590477 110
-0.73259884457 0.0459117222136 84
-0.363693076763 0.0847262369023 108
-1.88468247639 0.0858708485309 19
-0.2872497088 0.110820793253 114
-0.267238613065 0.127083306276 118
-0.753067293992 0.131650708974 83
-0.156491411712 0.150528174679 128
-0.591264562283 0.161925136425 96
-0.246484525863 0.163337219217 123
-0.763770004194 0.191994005659 83
-1.16119237822 0.193576068388 60
-1.7652138865 0.20128006215 25
-2.36041062223 0.204920381681 7
-1.00482698425 0.220786400569 73
-1.56737402898 0.234356770401 37
-1.12288402841 0.244738312032 66
-2.26666141726 0.256195171945 9
-2.33771670087 0.257841500002 8
-1.05539795581 0.261567618401 76
-1.06189634331 0.27199851724 74
-0.930524204771 0.275519257472 81
-1.38653711999 0.296987622024 50
-3.96720351088 0.304961983104 0
-1.49573784582 0.342317746208 44
-2.20062939242 0.345154547749 13
-0.340182209819 0.345503538007 129
-0.627822666257 0.348170680564 112
-1.28678489508 0.355369370945 59
-0.271501242581 0.41157114359 139
-1.70145967696 0.422794362422 34
-0.396179096512 0.4338483563 128
-0.3530943861 0.465613573884 132
-0.704836716622 0.474725778614 107
-0.517655173131 0.483628417035 123
-1.24256461846 0.501570920648 62
-0.87936644905 0.50623178268 92
-1.71646414255 0.550204066366 34
-0.286677980258 0.550684150677 144
-1.99433523817 0.572002902912 22
-1.21053870448 0.587043195331 71
-1.35120552013 0.595014789256 59
-1.72768023142 0.620129325524 34
-0.87202675144 0.63113454333 99
-1.41204517426 0.631197872599 56
-1.65370136341 0.636941124479 43
-1.42693293517 0.638083248704 55
-0.381369024874 0.64772048967 143
-0.640252999851 0.660033316505 125
-1.23085402983 0.666012469153 71
-1.56448444308 0.670243547059 47
-1.08521807409 0.67861242241 90
-0.292943423114 0.689072262151 155
-1.5428672 0.713048347777 48
-0.769107584073 0.744654118933 115
-0.782959585513 0.758553976417 115
-1.48203159326 0.75988790634 56
-0.798344832525 0.771943594262 115
-1.12535564417 0.776324079002 87
-1.1229654203 0.776550385263 88
-2.05061298814 0.785843692498 19
-1.2091091525 0.811286822887 82
-0.621368939018 0.836600497951 140
-0.894511078159 0.836727035051 107
-2.74633432388 0.84871614197 5
-1.81129064302 0.865409256671 32
-0.777887335464 0.886152394952 125
-0.129110851814 0.898473207554 190
-0.530937125371 0.922052562828 151
-1.42564134142 0.924093703097 62
-1.41188313456 0.939102757988 66
-0.145753427082 0.977553447291 192
-1.41450439613 0.99320770122 65
-0.207136378997 1.01326590593 186
-0.502906090032 1.02438315803 157
-0.661879750173 1.03957650565 143
-1.55083730886 1.077522454 51
-1.80696749225 1.08765513445 33
-0.424208116165 1.14216115158 164
-1.15889001191 1.18892250305 95
-0.0899505052129 1.21238839176 207
-2.88506979285 1.21685398296 5
-0.783682820092 1.25684095183 131
-0.130233196807 1.26481576415 204
-2.04583221766 1.2675906649 23
-0.922279574343 1.2863488032 117
-1.15977509959 1.33628269039 97
-0.800741003529 1.34147872987 132
-0.175744193774 1.3567170984 203
-1.96587419371 1.44881529473 28
-0.849081831944 1.5370222635 126
-0.403392879123 1.54394327326 177
-2.44097024463 1.77510137174 10
-0.55884720424 1.81344074049 167
-4.3705895378 1.83510207001 0
-1.55742508716 1.84532259721 57
-0.661997391359 1.85561617552 157
-0.966402704866 1.89145654166 119
-0.857456369671 1.92101463857 130
-3.29852505782 1.92663970094 4
-0.227724715673 1.9346107189 209
-2.1422980077 2.06957107525 20
-2.30021874254 2.10183676151 15
-0.511182732999 2.18666773129 179
-0.209845748091 2.22704385653 213
-0.442619389732 2.22846751578 182
-0.279176985315 2.24556452162 205
-1.52637378505 2.30303226506 66
-0.296996868026 2.31381222328 201
-1.51038693385 2.31644987849 67
-1.38617690072 2.3303609874 83
-0.621307161676 2.50091661824 172
-0.6617554104 2.54772331569 167
-0.830651015017 2.70448158212 142
-1.01365862465 2.72558683019 124
-1.04766909328 2.75360826469 123
-0.174063925175 2.89109282913 231
-0.623799042326 2.91408688104 175
-2.49998493062 3.02765627365 11
-2.29612949629 3.51464357312 17
-0.320763569973 4.33293922069 210
250
1.35020364624 -3.47776372166 0
1.58095378626 -3.27822165319 1
2.64929538659 -2.99557258988 2
1.70591195808 -2.8603988616 2
0.750490892613 -2.44895098453 0
2.6009608908 -2.40910871024 4
0.571920613637 -2.34716509739 0
0.453454334735 -2.31313914328 0
0.994881030834 -2.26421344116 3
0.953870337421 -2.22079662323 3
0.291140595173 -2.20814287828 0
2.01617641752 -2.17947793956 9
2.82644488078 -2.17549503629 12
0.203067154916 -2.15986275556 0
1.51128029135 -2.06342422147 8
0.894133134072 -2.0579489572 5
1.48193183611 -2.05269110858 9
0.225498042259 -1.91348836293 1
0.975176783495 -1.89333641045 8
2.69673318171 -1.85065916638 18
0.909040640476 -1.84360356484 7
0.405342537199 -1.83342472081 3
1.5960504711 -1.82860715007 16
1.81630952671 -1.81200231224 18
1.30027317158 -1.77768178961 12
0.286309308215 -1.77401841974 2
1.10864579372 -1.76438376438 13
0.781205798027 -1.76306324491 8
1.57321729524 -1.71004379894 19
0.0667233769335 -1.66603992208 0
1.73252376033 -1.66038335517 24
-0.0750282823075 -1.65288102819 0
0.827995991471 -1.55959926857 11
-0.0750061653983 -1.54139471585 1
0.0866459555312 -1.52868692129 3
3.4309227226 -1.5141233915 35
0.163304989966 -1.49809451162 4
0.255391278627 -1.49188757228 7
-0.0747850707348 -1.47063117286 2
1.05716001291 -1.45132699391 22
0.749310404842 -1.43140156755 14
3.38805903267 -1.40507101607 40
0.166544516925 -1.40282526755 6
1.89220442601 -1.34698937063 36
0.221244355007 -1.34222408515 8
0.853155987361 -1.30067468105 20
0.427371230887 -1.28870817253 14
2.01496990545 -1.22544567167 40
0.553079183023 -1.2004442558 16
0.543537038432 -1.19994149503 16
1.17299348405 -1.16402824622 31
1.4938914018 -1.12872813247 35
1.4579034893 -1.10729660821 34
0.437480256694 -1.01300661045 15
-0.018686006134 -1.01170242499 3
1.63296616676 -1.00113040861 43
1.31675332628 -0.975241411221 35
1.45456796039 -0.973464316857 37
0.827370316668 -0.941707167761 24
1.51831855183 -0.939550344312 43
-0.0511451233873 -0.921381327767 3
1.06937004558 -0.916528811197 34
0.812976056458 -0.906819703078 25
0.483322921245 -0.875345490101 19
0.810241523544 -0.87307864357 26
1.88985363242 -0.862230304353 56
1.13075486796 -0.844642738809 39
1.13493414766 -0.800261530584 40
3.26803802635 -0.770106119623 66
0.896896706211 -0.748525489511 32
2.88504487978 -0.704833133559 67
0.0847431977487 -0.700746333597 6
1.03071717267 -0.684688548876 38
1.44983297629 -0.677680358352 48
1.81574242986 -0.676178532887 61
1.09317595685 -0.642315596183 41
2.62801613669 -0.619062879664 69
3.80612934749 -0.612334284282 77
0.19310056855 -0.570989060231 10
0.978604249617 -0.560036136615 38
0.622342331576 -0.556600168693 25
-0.0620647264469 -0.551883993445 3
1.03147987417 -0.53995959564 43
1.11826973417 -0.510304228878 48
2.12735942878 -0.496400924612 74
2.82290749551 -0.483658345393 79
1.58097497836 -0.458538868352 64
2.39005636771 -0.419549876642 76
1.23254481431 -0.392809144751 52
1.35577164258 -0.38311220557 56
1.29666369069 -0.382090164629 53
1.20479621199 -0.382021310309 52
1.19274482292 -0.373163764589 52
1.84454046056 -0.34965519937 76
1.83265590017 -0.337856900876 76
0.454710351497 -0.337095073017 22
1.1183597455 -0.33483195758 50
1.41450838794 -0.327505490326 62
0.901056335171 -0.321918906494 38
0.17638440367 -0.301663796073 11
1.5056013764 -0.288096057061 70
0.688982289989 -0.274459718803 29
1.82620339369 -0.27253005849 83
1.54618762715 -0.253667481237 74
2.30665300081 -0.250718773743 92
0.871074089077 -0.229032807044 38
1.00315469397 -0.215832332645 47
-0.0211990429372 -0.211688035157 5
1.9582601183 -0.209580009141 92
0.00724906588682 -0.204779745357 7
1.39708584739 -0.183151495257 69
0.490259329516 -0.182041175414 27
1.53088510813 -0.172233840145 80
0.94556325822 -0.170090435424 46
0.197460761823 -0.113656371532 15
0.76761169484 -0.106697492488 36
0.20459987042 -0.0919051475976 17
1.31032877101 -0.090473253881 71
0.146500397071 -0.0805294304699 11
0.987141265159 -0.0787752045011 54
0.0964763773285 -0.0432593259467 11
0.84625535861 -0.0431308788383 45
0.186011655803 -0.0182820509854 16
-0.0373222914974 -0.0178568460305 5
1.11214389576 -0.00397520262744 67
0.829404058005 -0.00212990416764 47
0.30466670028 0.00370908477353 27
0.122881601116 0.00409760324879 13
0.20591801938 0.00802526037165 23
0.0418986290904 0.0347313702694 9
0.978359267117 0.0372456465176 62
0.300969208856 0.0752188261342 30
0.79513059329 0.077429661653 48
3.00201776379 0.0804516500927 129
0.226958384948 0.0928424602943 27
1.77206846496 0.0955835084536 110
0.797400742295 0.0981774344079 50
1.63388918201 0.107794504538 109
0.664503945484 0.119000149082 44
0.908470322863 0.134187759934 63
0.570262075965 0.145765361393 42
1.30840985405 0.152332961382 91
0.617996469733 0.158794247564 44
0.499382917392 0.167325769863 40
2.14384783617 0.173034158192 130
1.41696614485 0.175551148734 100
0.184832942035 0.17588700383 19
0.361286103515 0.199201779596 34
0.122476414277 0.201928490519 14
0.301562792244 0.211129512901 34
0.0206038563914 0.245202991493 9
3.81827398605 0.263587802315 151
1.368398684 0.269390506709 103
1.01600257274 0.285499187493 81
0.44737204924 0.292435997201 41
1.63906557233 0.30693373683 125
0.569181946361 0.308688829628 49
0.684975943886 0.322697740769 55
0.87554934329 0.34276200058 71
0.809493055456 0.348369989955 63
1.91941659953 0.354832056193 140
0.548253833049 0.356300315571 48
0.851873865244 0.361651037751 71
0.0383090160936 0.367096368591 10
0.00652088689904 0.409016740757 8
1.16318604123 0.420613754825 102
1.61786773701 0.459898096512 132
2.11044528794 0.480858388439 150
0.877569846999 0.492093880209 77
-0.0404322078124 0.514763261856 5
1.28113653763 0.521814928849 109
1.50965115701 0.528862265616 127
2.15160761588 0.552581499415 157
0.785826101617 0.580058703102 65
0.622296284345 0.595463229844 57
1.05637110552 0.595931765519 97
1.23193417332 0.607800728979 111
0.32952450271 0.634866899256 40
1.79350653751 0.692043046575 148
0.723667823492 0.703935168877 63
1.38987747082 0.708379778114 124
-0.00461120853938 0.709003522079 9
1.36561441494 0.727589611696 124
0.0344195762031 0.731311493735 13
3.04060333283 0.75782804443 179
0.858869221579 0.765308473017 82
2.41052805489 0.777522670001 172
0.629670366113 0.785669482258 62
0.0770683313496 0.833219798718 17
1.83223799602 0.882048726441 160
0.679824602175 0.883088585216 65
0.753650299499 0.889261907112 71
0.585159127801 0.898553255037 60
2.17357037959 0.92193162278 176
-0.0151033622018 0.936787435641 9
3.28601032287 0.972977530834 191
0.175026567294 0.99910822085 27
0.0641947141651 1.02370046071 17
1.90768299838 1.04396833399 171
0.89655224181 1.04813698761 95
0.762962288507 1.08007952637 76
0.220379886189 1.08412656729 37
2.67027378121 1.0873505635 190
0.374936363959 1.11255340158 49
0.216451878599 1.12352437692 37
0.0777424559052 1.12419038946 20
0.516047553946 1.14646985397 61
0.170894916689 1.15075753758 29
0.974963027734 1.2171965193 109
0.421132932108 1.23686055362 54
0.251847735719 1.25773253759 44
0.460508721007 1.2670342731 61
1.4133886343 1.30487607457 150
0.159560908087 1.36725808214 27
-0.0775825354832 1.37089583387 0
0.640480410083 1.37170208145 79
2.87044265511 1.41526929159 207
1.95404520161 1.42473197189 189
2.45159919353 1.44482531059 201
0.693384499942 1.48003113909 84
1.23393022393 1.5052978778 142
1.85472950643 1.50973968886 187
-0.0308177035891 1.5352268835 8
1.66058944207 1.55015800017 178
0.140413279483 1.56577502594 28
1.27773948203 1.61098901471 145
0.0644208062022 1.6757226081 20
0.305903879278 1.69794595873 56
2.79193731275 1.77091032728 216
1.51009682402 1.77970331756 170
0.716996381515 1.79130747651 89
0.790586378661 1.81795624326 98
0.76644373818 1.84062384455 95
0.149203714899 1.86060257655 31
0.557316600611 1.96665656402 76
1.7875985008 1.99382745504 192
1.29757900366 2.00749892707 155
0.162200327445 2.12556123097 33
2.71593523363 2.33376640429 225
0.64404474817 2.46551185128 87
1.63030339317 2.64105925464 188
2.3576875678 2.74221771085 219
1.28506736333 2.81983637244 156
1.14017151347 3.01341513859 147
1.06701136856 3.29930550265 139
2.12638844149 3.4373583296 217
2.62144867033 3.59144562198 228
0.00893764704651 3.63908885309 15
1.45731672993 3.65612722392 177
0.114823323503 3.8332765719 28