100
50
-9.29720476118 -77.1574554315 0
-3.53190438183 -63.6662428307 1
-21.4216586577 -51.8100875978 0
-6.66071630472 -49.9656730445 2
-8.14348947756 -45.2381856475 2
-22.9955796893 -39.422560472 0
-24.7505771699 -34.1717611074 0
-4.59101934553 -27.9950428422 6
-37.0456358234 -27.4485730532 0
-8.02691299722 -24.0483949155 6
-28.6771742195 -21.3035707356 1
-14.7419545565 -19.5581653736 5
-17.7831742751 -17.7673137466 5
-52.2552958346 -16.0950188058 0
-38.8240013937 -16.0367298443 1
-18.2329840802 -14.821122075 7
-44.5504516424 -13.3363208972 1
-49.4015690443 -9.1370585359 1
-10.8330730368 -6.51948453047 12
-25.1045348653 -3.86727429045 6
-19.2486624664 -2.16359820294 10
-6.21374018055 -0.879540658932 19
-10.7403263803 -0.185056010626 15
-5.6975932825 0.39368322286 21
-24.1768315831 0.686757230451 8
-3.28392226418 0.884651800643 25
-22.4349884768 2.29908010156 10
-49.9211641225 2.56800003289 1
-9.86194749321 5.37979984411 19
-3.71418517244 5.9519240943 27
-44.0783400755 5.99340997411 4
-5.23255339633 6.19126692938 27
-25.2754066713 8.19416498992 8
-39.9832201396 8.71600816839 5
-42.959852851 8.85485888219 5
-5.92663449812 13.1747553452 29
-23.0577728427 14.8005526847 14
-41.1520987108 15.5384869473 6
-15.7566696558 19.9478326181 22
-20.9716726492 20.6819580449 19
-4.38286220864 20.705709527 37
-17.2981266408 21.3336049854 23
-8.23466602765 21.7004911803 30
-6.0203909128 24.771870001 35
-11.4930543114 31.4727447484 26
-36.8733421706 34.6694324421 10
-11.3209578022 36.3852456883 28
-74.0524975366 37.7676282538 0
-31.9679422911 54.547823873 12
-25.2726742741 58.8792451831 15
50
27.5570141333 -63.7792129646 0
36.721988653 -52.34021244 1
-0.527329377589 -45.4713595469 0
20.6227740644 -39.7318938652 1
1.44857929231 -36.9518875858 1
17.8805985163 -34.927515745 2
41.205603151 -30.4212408221 6
22.3201211473 -29.6941536937 4
-0.821878582686 -28.0267784279 0
4.74270894379 -27.2102214384 3
-2.59043960735 -25.1429414281 0
14.7010643909 -23.7292342336 5
19.8416071499 -19.8054849209 7
2.86823326578 -16.5392250528 4
47.0213298926 -15.2882933135 14
26.5153005016 -15.0150943305 11
30.743362691 -14.7656185542 13
28.4165701579 -11.6965094318 13
33.921499202 -9.74232739095 15
23.3544734294 -8.64314448737 11
10.8611816783 -7.24954325352 6
6.89087517074 -2.89161764037 6
10.1423285087 3.78567538626 7
34.2758451758 4.31047452328 20
16.7004025547 4.39913372393 10
-2.47902976743 6.64923964339 1
-1.70587040281 7.24813903672 2
20.5563826242 8.62278192561 15
11.5223164664 9.67773241191 11
27.4734323108 11.6644869586 21
-3.27424107442 13.7919937211 0
-1.95305933638 14.1592719952 3
16.1634799052 14.6490316398 15
3.79239587607 16.2852533071 9
28.1522637166 18.4020190911 27
-2.92059071111 18.4470183574 1
22.3014372259 21.9376768335 23
26.8829266606 23.2284866209 27
53.5311182709 23.5539559532 38
30.3588596289 25.0005882087 32
55.1205456203 25.5365075642 40
7.665189307 25.6292140516 13
5.29150741344 32.0820689326 12
31.9585896675 32.7673926927 36
13.6330746074 33.911190461 18
22.9816095324 37.5496875863 28
-1.09399676249 44.6978961159 6
25.1912026088 46.6892653783 31
32.9663472528 47.9848192974 41
6.2068456883 69.6589081871 14